1455	234,254,234,253,234,252,234,251,235,250,235,249,235,248,235,247,236,246,236,245,233,245,233,244,231,243,231,242,229,241,227,240,226,240,225,239,225,238,224,238,222,237,219,236,218,236,217,235,216,235,216,236,215,236,215,237,216,237,216,238,217,238,217,239,218,239,219,240,220,241,220,242,218,242,218,243,219,244,216,244,216,245,216,246,216,247,217,248,217,249,217,250,216,251,215,252,214,252,214,253,213,253,212,254,211,255,234,255
2729	49,244,47,243,45,243,44,242,43,242,42,241,40,240,40,239,40,238,40,237,39,236,38,235,38,234,38,233,38,232,38,231,38,230,38,229,38,228,37,228,37,227,37,226,36,226,36,225,36,224,35,224,35,223,34,223,34,222,31,222,31,223,31,224,31,225,32,225,32,226,32,227,32,228,33,228,33,229,33,230,33,231,33,232,33,233,32,233,32,234,32,235,32,236,32,237,32,239,33,240,33,242,33,243,31,245,29,246
2730	21,247,19,246,19,245,20,245,19,243,18,244,17,244,17,245,18,246,18,247,19,248,20,248
2730	17,247,16,247,15,246,14,246,13,245,12,244,11,243,9,242,10,243,11,244,11,245,12,245,14,247,16,248
2731	41,216,41,215,42,215,42,214,39,214,39,215,39,216,39,217,41,217
2732	47,243,47,244,49,244
2732	47,243,46,243,47,243
2732	44,242,45,243,46,243
2733	39,198,40,197,39,197,38,198,39,199
2734	63,223,62,223,62,224,63,224
2735	30,245,29,245,29,246,30,246
2736	8,240,7,240,7,241,8,241
2737	50,236,49,236,49,237,50,237
2737	49,235,48,235,48,236,49,236
2738	48,243,49,243,49,242,48,242,48,243,47,243,48,244
2739	59,203,59,202,58,202,58,203,58,204,59,204
2740	60,197,59,197,59,198,60,198
2741	39,200,38,200,38,201,39,201
2742	59,192,58,192,58,193
2752	37,206,37,207,38,207
2755	28,237,27,237,27,238,28,238
2760	41,227,40,227,41,228
2786	9,210,9,211,10,211
2807	102,237,102,236,103,236,103,235,102,234,102,235,99,235,99,236,99,237,100,237,100,236,101,236,101,237,101,238,102,238
2808	96,243,95,243,95,244,96,244
2809	95,232,95,231,95,230,93,230,93,231,93,232,94,232,94,233,95,233
2810	99,237,96,234,99,238
2811	119,193,120,193,120,192,120,191,119,191,119,192,119,193,118,193,119,194
2812	124,235,123,235,123,236,124,236
2812	123,234,122,234,122,235,123,235
2813	65,212,64,212,64,213
2814	129,212,128,212,128,213,129,213
2815	118,216,117,215,117,216,116,216,116,217,118,217
2816	116,209,115,209,115,208,114,208,114,209,115,209,114,210,116,210
2817	112,208,111,208,111,209,112,209
2818	89,227,89,226,88,226,88,227,88,228,89,228
2819	107,226,106,226,106,227,107,227
2821	92,216,91,216,91,217,92,217
2824	105,216,104,216,104,217,105,217
2827	100,208,99,208,99,209,100,209
2828	102,234,101,235,102,235
2829	90,222,89,222,89,223,90,223
2830	118,218,117,218,117,219,118,219
2833	97,222,97,223,98,223
2834	72,214,71,214,71,215,72,215
2836	94,200,94,201,95,201
2838	114,215,113,215,113,216,114,216
2841	104,222,103,222,103,223,104,223
2842	121,212,120,212,120,213,121,213
2845	96,215,95,215,95,216,96,216
2848	104,242,103,242,104,243
2849	123,194,122,195,123,195
2857	91,229,90,229,90,230,91,230
2860	96,221,95,221,95,222,96,222
2863	112,223,111,223,111,224,112,224
2881	98,233,98,234,99,234
2884	102,236,101,236,102,237
2940	96,243,95,243,95,244,96,244
2970	101,235,100,236,101,236
2991	163,211,163,210,162,209,162,208,161,208,160,207,158,207,159,208,158,208,158,209,158,210,159,210,159,211,160,211,160,210,162,210,162,211,161,211,162,212,163,212
2992	145,209,144,209,144,208
2992	147,211,147,210,146,210,146,209,146,208,144,208,144,208,143,208,143,209,143,210,143,211,144,211,144,212,146,212
2993	149,202,148,201,147,201,146,202,145,202,145,203,146,203,146,202,148,202,149,203
2994	164,202,163,202,163,203
2994	163,201,163,200,161,200,161,201,162,201,162,202,163,202
2995	174,219,174,218,173,219,173,218,172,218,172,219,172,220,174,220
2996	188,242,188,241,187,242,187,243,188,243
2997	191,198,189,198,189,199,191,199
2998	144,235,144,234,143,234,143,235,143,236,145,236
2999	146,211,145,211,145,212,146,212
2999	145,209,144,209,144,210,145,210
3000	168,204,167,204,167,203,166,203,166,204,166,205,168,205
3001	167,239,166,239,167,240
3002	183,201,182,201,183,202,184,202
3003	169,198,168,198,169,199
3004	138,206,136,206,136,207,137,207
3005	191,244,190,244,190,245,191,245
3006	179,208,178,208,179,209,180,209
3007	165,228,163,228,164,229,165,229
3008	142,226,141,226,141,227,142,227
3009	152,206,151,206,151,207,152,207
3014	166,224,165,224,165,225,166,225
3016	140,233,139,233,139,234,140,234
3018	129,223,128,223,128,224,129,224
3026	149,207,148,207,148,208,149,208
3027	159,200,158,200,159,201
3032	130,215,129,215,130,216
3033	149,201,148,201,148,202,149,202
3062	145,202,145,203,146,203
3074	168,204,167,205,168,205
3076	166,239,166,240,167,240
3142	219,246,219,244,218,244,218,245,217,244,216,244,216,246,216,247,217,248,218,248
3143	220,197,219,197,219,196,216,196,216,197,218,197,218,198,219,198
3144	225,245,223,245,223,246,225,246
3145	212,217,210,217,210,218,212,218
3146	252,247,254,247,254,246,253,246,252,247,250,248,252,248
3147	243,212,242,212,243,213
3149	209,224,208,225,209,225
3150	220,252,219,252,218,253,220,253
3151	226,246,225,246,225,247
3152	253,233,252,233,253,234,254,234
3154	209,249,208,249,208,250,209,250
3155	254,212,253,212,253,213,254,213
3156	200,250,199,250,200,251
3158	213,216,212,216,212,217,213,217
3160	220,233,219,233,219,234,220,234
3162	211,216,210,216,210,217
3163	230,251,229,251,229,252,230,252
3166	203,226,202,226,202,227,203,227
3169	244,215,243,215,243,216,244,216
3174	231,253,231,254,232,254
3176	248,234,247,234,247,235,248,235
3178	208,247,207,248,208,248
3180	225,252,224,252,224,253,225,253
3187	196,246,195,246,195,247,196,247
3192	243,244,242,244,242,245
3196	238,250,237,250,238,251
3200	227,245,226,245,227,246
3949	4,147,2,147,2,148,4,148
4216	26,137,25,137,25,138,26,138
4216	28,136,27,136,27,137,28,137
4216	30,135,29,135,29,136,30,136
4216	35,134,35,133,37,133,37,132,39,132,39,131,36,131,36,132,35,132,34,133,33,133,33,134,34,134,34,135
4217	33,148,33,147,33,146,32,146,32,147,31,147,31,148,30,148,30,149,33,149
4218	60,179,60,178,58,178,58,179,58,180,60,180
4219	11,148,9,149,10,149
4219	13,147,11,147,11,148,12,148
4220	6,159,4,159,4,160,5,160
4221	52,133,51,133,51,134,52,134
4222	33,170,32,170,32,171,34,171
4224	58,156,57,156,57,157,58,157
4225	24,139,24,140,25,140
4226	24,178,23,179,24,179
4228	14,156,13,156,13,157,14,157
4229	2,171,1,171,1,172,2,172
4231	65,156,63,156,63,157,65,157
4232	41,183,40,183,40,184,41,184
4233	32,134,31,134,31,135
4235	23,139,22,140,23,140
4235	25,138,24,138,24,139,25,139
4236	18,140,17,140,17,141,18,141
4237	41,133,39,133,39,134,41,134
4241	4,147,3,147,3,148,4,148
4247	26,142,26,143,27,143
4253	38,131,37,131,37,132,38,132
4260	37,131,36,131,36,132,37,132
4265	39,155,38,155,39,156
4274	46,133,45,133,45,134,46,134
4287	27,166,26,167,27,167
4293	39,131,38,131,38,132,39,132
4303	49,170,48,170,48,171,49,171
4304	47,173,46,173,47,174
4312	59,178,58,178,58,179,59,179
4374	6,147,5,147,5,148
4379	38,131,37,131,37,132,38,132
4414	60,179,59,179,59,180
4544	132,181,132,180,133,179,131,177,131,175,129,175,129,176,125,176,125,177,124,178,122,178,122,179,121,180,120,181,120,182,124,182,126,181,127,180,128,180,129,179,130,179,130,180,129,181,129,182,130,182,131,183,132,183
4545	103,137,108,137,108,136,102,136,101,137,102,138,103,138
4545	101,136,100,136,100,137,101,137
4546	131,169,130,169,130,170,131,170
4546	129,168,127,168,127,169,129,169
4547	119,172,120,172,119,171,119,172,118,172,118,173,119,173
4548	98,131,97,131,97,132,98,132
4552	104,150,103,150,103,151
4553	71,153,70,154,71,154
4554	72,171,71,171,71,172,72,172
4555	125,182,124,182,124,183,125,183
4556	124,167,123,167,123,168,124,168
4558	123,157,121,157,121,158,123,158
4561	112,168,111,168,112,169
4562	65,173,64,173,64,174,65,174
4564	83,148,83,149,84,149
4565	72,152,71,152,71,153,72,153
4567	86,147,85,147,85,148,86,148
4568	74,153,74,154,75,154
4594	154,167,154,166,154,165,155,164,154,163,153,164,153,165,152,166,152,167,154,168
4594	160,164,160,163,161,163,161,162,161,161,159,163,155,163,155,164,156,165,160,165
4595	136,170,134,170,134,171,136,171
4596	146,153,144,153,144,154,146,154
4598	143,152,143,151,142,151,142,152,142,153,143,153
4602	159,166,157,166,159,167
4603	138,186,136,186,136,187,138,187
4604	152,186,151,186,151,187,152,187
4606	154,183,153,183,153,184,154,184
4608	129,183,128,183,128,184,129,184
4609	160,171,159,171,159,172,160,172
4610	141,157,140,157,140,158,141,158
4613	151,161,150,161,150,162,151,162
4614	154,185,154,186,155,186
4616	131,170,130,170,130,171,131,171
4618	140,178,139,178,140,179
4619	147,187,146,187,146,188,147,188
4621	137,181,136,181,136,182,137,182
4628	152,182,151,183,152,183
4632	151,172,150,172,151,173
4634	171,179,170,179,170,180,171,180
4650	235,187,236,187,236,186,236,185,236,184,234,184,233,185,232,185,233,186,233,187,233,188,234,188
4650	232,185,227,185,226,184,225,184,224,185,227,185,227,186,232,186
4651	220,188,221,188,221,187,219,187,219,188,217,188,217,189,221,189
4652	225,186,224,186,224,187,225,187
4658	226,184,226,185,227,185
5651	107,82,106,82,106,83,107,83
5656	146,80,146,71,138,66,130,71,130,80,138,85
5657	186,102,185,101,184,100,184,101,185,102,187,103,188,103
