Size 7677x5644

BrushColor FFFFFF
Polygon 0,0, 7677,0, 7677,5644, 0,5644

BrushColor e6e6e6
Polygon 225,1402, 225,1314, 660,870, 660,675, 1710,675, 1895,870, 2437,870, 2623,675, 2872,675, 2487,1050, 1940,1050, 1608,710, 1343,710, 1000,1050, 580,1050

BrushColor e6e6e6
Polygon 225,5644, 225,1484, 532,1174, 2617,1174, 3111,675, 3401,675, 2818,1252, 1712,1252, 1471,1493, 897,1493, 374,2021, 374,3965, 2037,5644

BrushColor e6e6e6
Polygon 5593,675, 7680,675, 7680,2592, 7134,2038, 7134,1075, 6010,1075

BrushColor e6e6e6
Polygon 589,2498, 1158,1924, 1698,1924, 2131,1500, 2910,1500, 3445,985, 5075,985, 5264,1160, 6865,1160, 7011,1296, 7011,2361, 7677,3047, 7677,5315, 5138,5315, 4807,5644, 2263,5644, 589,3957

BrushColor FFFFFF
Polygon 815,2967, 1799,1974, 2504,1974, 2949,1566, 3947,1566, 4086,1426, 4688,1426, 4796,1345, 5784,1345, 6391,1920, 6714,1920, 6903,2100, 6903,2500, 6786,2603, 7635,3484, 7635,3987, 6633,5007, 5236,5007, 4737,5501, 2648,5501, 2051,4895, 2051,4446, 1786,4185, 1606,4185, 1278,3852, 1013,3852, 815,3646

BrushColor e6e6e6
Polygon 1918,3515, 1918,2454, 2170,2217, 2272,2217, 2472,2038, 3165,2038, 3362,1845, 3734,1845, 3916,1700, 5327,1700, 6304,2694, 6304,3526, 6245,3653, 6245,4328, 5990,4470, 5990,4863, 5900,4929, 5516,4929, 5272,4714, 4539,4714, 4237,5020, 3223,5020, 2611,4455, 2363,4455, 1725,3879, 1725,3690

BrushColor FFFFFF
Polygon 3302,4499, 2691,3888, 2691,3306, 2761,3242, 2761,3055, 2686,2958, 2686,2733, 2532,2733, 2532,2500, 4087,2500, 4257,2360, 4641,2360, 4996,2703, 5577,2703, 5577,3020, 5488,3125, 5488,3636, 5247,3636, 4341,4499

penColor d1eafc
Line 275,4788, 1501,4788, 1501,4114, 1993,4114, 2274,4391, 3518,4391, 3518,3894, 4403,3894, 4640,3661, 5620,3661, 5620,4339, 6065,4339, 6065,3691, 6626,3691, 6626,4175, 7624,4175, 55

penColor e6e6e6
TextOut Arial,150,565,720,9,1
TextOut Arial,150,1465,720,7,1
TextOut Arial,150,2840,720,7,1
TextOut Arial,150,3640,720,5,1
TextOut Arial,150,3640,1600,3,1
TextOut Arial,150,3640,4100,1,1
TextOut Arial,150,3640,5200,3,1
TextOut Arial,150,3140,3200,1,1
TextOut Arial,150,1000,3200,3,1
TextOut Arial,150,450,3200,5,1
TextOut Arial,140,1100,4548,5,1
TextOut Arial,145,1960,4200,3,1
TextOut Arial,150,5100,3100,1,1
TextOut Arial,150,6900,3100,3,1
TextOut Arial,150,6700,4300,3,1
TextOut Arial,150,6500,5400,5,1
TextOut Arial,150,5900,2000,3,1
TextOut Arial,150,7000,1100,5,1

brushColor e6e6e6
penColor ffffff
TextOut Arial,150,900,720,8,1
TextOut Arial,150,2600,720,8,1
TextOut Arial,150,3100,720,6,1
TextOut Arial,150,3640,1200,4,1
TextOut Arial,150,3640,2200,2,1
TextOut Arial,150,3640,4500,2,1
TextOut Arial,140,3640,5505,4,1
TextOut Arial,150,2300,3200,2,1
TextOut Arial,150,670,3200,4,1
TextOut Arial,150,270,3200,6,1
TextOut Arial,150,1600,4400,4,1
TextOut Arial,150,2300,3970,2,1
TextOut Arial,150,5700,2500,2,1
TextOut Arial,150,5870,3190,2,1
TextOut Arial,150,6130,3900,2,1
TextOut Arial,150,6570,1450,4,1
TextOut Arial,150,7300,950,6,1
TextOut Arial,150,7520,3190,4,1
TextOut Arial,150,7220,4790,4,1