435	1,22,0,22,0,23,1,23
664	37,253,37,252,36,252,36,253,35,253,36,254,36,255,37,255
949	37,244,38,244,38,243,38,242,39,242,39,243,41,243,41,244,42,244,42,243,44,243,44,242,43,242,43,241,44,240,46,240,47,239,48,239,49,238,51,238,52,237,52,235,52,234,51,234,51,233,52,233,51,232,50,231,50,230,49,230,49,232,47,231,46,230,46,229,47,228,48,228,48,227,47,227,47,225,47,224,47,223,46,223,46,222,42,222,42,223,40,223,39,224,37,224,34,225,33,225,33,226,32,227,32,228,32,229,31,230,32,232,35,232,38,233,37,234,37,235,37,236,37,237,36,237,36,238,35,238,35,239,34,240,35,240,35,241,34,241,33,242,33,243,32,244,35,244,35,245,36,244,36,245,37,245
949	48,225,47,225,48,226
950	37,173,36,173,37,174
950	31,174,32,174,32,173,36,173,36,172,35,171,33,171,32,170,32,169,31,169,31,168,31,167,30,168,31,169,31,170,30,170,30,169,29,169,29,168,28,168,28,169,28,170,28,171,27,171,27,172,27,173,28,173,28,172,29,172,29,173,29,174,28,174,27,175,31,175
951	110,182,111,182,111,181,109,181,109,180,108,181,108,180,108,179,108,178,109,178,109,177,105,177,105,178,105,179,104,179,104,180,103,180,103,179,102,180,102,181,102,182,103,182,104,181,104,182,106,182,106,183,107,181,107,182,109,182,110,183
952	25,245,25,244,25,243,24,243,24,242,25,242,25,241,24,240,20,240,21,241,21,243,21,244,21,245,22,245,23,246,24,246
953	103,143,104,143,104,142,105,142,105,143,106,143,105,142,107,142,107,141,106,141,105,140,104,141,103,141,103,140,102,140,101,141,100,141,100,142,99,142,99,143,99,144,101,144,101,143,102,143,102,144,103,143,103,144,104,144
954	54,176,55,176,55,175,54,175,54,174,55,174,55,173,57,173,57,172,53,172,53,173,52,172,52,173,52,174,52,175,52,176,52,177,54,177
955	62,244,62,243,61,243,61,244,60,244,60,245,62,245
955	60,243,61,243,61,242,62,242,62,241,62,240,58,240,58,241,57,241,57,242,58,242,58,241,61,241,61,242,60,242,60,243,59,243,59,244,60,244
956	32,249,34,249,34,247,33,247,32,246,30,246,29,247,29,248,29,249,30,249,30,248,31,248,31,249,30,249,31,250,32,250
957	87,181,86,180,87,180,87,179,85,179,85,178,84,178,84,177,83,176,83,177,83,178,84,179,84,180,84,181,82,182,84,182,84,181,85,182,85,181,86,181,86,182
957	82,178,81,178,81,177,80,177,81,178,81,179,82,179
958	49,215,50,214,50,213,51,213,51,212,48,212,48,213,47,212,47,213,47,214,47,215,46,216,49,216
959	58,227,59,227,59,226,59,225,54,225,54,226,56,226,55,227,55,228,57,228
960	69,202,69,201,69,200,69,199,69,198,68,197,67,198,67,199,67,200,67,201,67,202,67,203,69,203
961	19,146,19,145,20,145
961	19,147,19,146,20,146,20,147,21,147,21,146,21,145,20,145,20,144,20,143,19,143,19,144,19,145,18,145,18,146,18,147,19,148
962	48,221,48,220,48,219,48,218,47,218,47,219,47,220,45,220,46,221,46,222,47,222
963	94,168,94,167,94,166,91,166,91,167,91,168,93,168,93,169,94,169
964	31,229,31,228,30,228,30,227,29,228,29,229,28,229,28,230,31,230
965	55,230,56,230,56,229,56,228,54,228,54,229,54,230,54,231
966	129,139,129,138,132,138,132,137,130,137,129,138,128,139,128,138,127,138,128,139,128,140
967	60,224,60,223,61,223,60,222,58,222,59,223,59,224,60,225
968	37,247,36,246,34,246,34,247,36,247,37,248
969	62,209,61,208,61,209,60,209,59,210,61,210
970	34,250,33,250,33,251,34,251
970	34,249,33,249,34,250
971	60,228,60,227,60,226,59,227,59,228,59,229,60,229
972	21,247,20,247,20,248
972	20,246,20,245,19,245,19,246,19,247,20,247
973	5,250,5,249,4,249,4,248,3,248,3,249,3,250,4,250,4,251,5,251
974	25,247,24,247,24,246,23,246,23,247,23,248,25,248
975	43,228,42,228,42,229
975	44,227,43,227,43,228,44,228
976	58,210,59,210,59,209,58,209,57,210,57,211,58,211
977	39,244,38,243,38,244,38,245,39,245
978	31,245,29,245,29,246,30,246
979	42,238,41,237,39,239
980	45,217,45,216,44,216,44,217,44,218,45,218
981	32,234,31,233,31,234,31,235,32,235
982	51,224,49,224,49,225,50,225
983	55,211,53,211,53,212,55,212
984	52,222,51,223,51,224,52,224
986	53,226,52,226,52,227,53,227
987	51,237,49,237,50,238
988	22,253,22,254,23,254
989	39,231,39,230,38,230,38,231,38,232,39,232
990	35,231,34,231,34,232,35,232
991	49,236,48,236,48,237,49,237
992	50,231,50,232,51,232
993	47,210,46,210,47,211
994	70,195,69,195,69,196,70,196
995	14,234,15,234,15,233,14,234,13,234,13,235,14,235
996	20,145,19,145,19,146
997	65,207,63,207,63,208,64,208
998	67,237,66,237,66,238,67,238
999	35,245,34,245,34,246,35,246
1002	42,234,42,235,43,235
1003	28,235,27,235,27,236,28,236
1005	56,167,55,167,55,168,56,168
1008	44,233,44,234,45,234
1017	63,235,62,235,62,236,63,236
1030	67,200,66,200,66,201
1031	64,233,63,233,63,234,64,234
1033	10,243,9,243,9,244,10,244
1042	45,230,44,230,44,231,45,231
1048	47,231,46,231,46,232,47,232
1051	27,245,26,245,26,246,27,246
1052	46,231,45,231,46,232
1065	68,198,67,198,67,199
1066	39,206,38,207,39,207
1069	56,230,55,230,55,231
1076	42,235,41,235,42,236
1082	38,247,37,247,37,248,38,248
1089	42,235,42,236,43,236
1103	51,230,50,230,51,231
1124	56,230,55,230,55,231
1189	163,173,164,173,164,172,164,171,164,170,163,170,163,171,161,171,161,172,161,173,162,173,163,174
1190	227,152,227,151,226,152,226,151,223,151,223,152,224,153,226,153,226,152,227,153
1191	188,176,190,176,190,175,190,174,189,174,189,175,188,175,189,174,188,174,188,175,187,175,187,176,186,177,188,177
1192	230,211,229,211,229,210,228,210,228,211,227,211,227,212,230,212
1193	222,200,222,199,222,198,221,198,221,199,220,200,221,200,220,201,222,201
1195	238,170,239,170,239,169,240,169,241,167,241,166,240,166,240,168,238,170,236,170,238,171
1196	210,157,211,156,210,156,210,157,209,156,209,157,209,158,211,158
1197	159,134,157,134,157,135,158,135
1198	225,249,225,248,224,249,224,248,223,248,224,250,225,250
1199	155,136,154,136,154,137,155,137
1200	211,195,210,195,210,196
1200	211,194,211,195,212,195
1206	163,171,163,172,164,172
1216	255,173,254,173,255,174
1365	88,44,88,43,87,42,86,43,85,44,84,43,84,39,82,39,82,36,83,35,84,35,85,36,86,38,87,39,88,39,88,38,89,37,89,36,93,36,94,35,94,34,93,32,92,32,91,33,90,33,89,32,89,31,89,29,88,27,90,27,90,26,90,25,86,25,85,23,83,23,82,26,82,27,81,28,79,28,77,32,76,34,75,36,75,38,75,42,76,43,77,45,79,45,79,46,80,45,80,46,81,47,83,47,84,48,85,48
1366	12,106,13,106,13,105,11,105,11,104,12,104,12,103,13,103,12,102,11,103,9,103,9,102,11,102,11,101,10,101,10,100,9,100,9,101,7,102,7,103,7,104,8,104,8,105,10,105,11,106,11,107,12,107
1367	8,122,9,122,9,121,8,121,8,120,7,120,8,119,7,119,7,118,6,118,6,119,6,120,6,121,6,122,6,123,8,123
1368	15,41,16,41,16,40,17,40,17,39,17,38,16,38,16,39,14,39,14,40,14,41,14,42,15,42
1369	125,124,125,123,126,124,126,123,126,122,124,122,124,123,123,123,123,124,123,125,125,125
1371	24,99,22,99,21,100,22,101,23,101
1372	12,102,9,102,9,103,11,103
1373	19,33,19,32,18,32,18,33,18,34
1374	49,58,48,58,48,59
1376	8,120,7,120,7,121
1377	5,102,5,103,6,103
1385	150,24,151,20,153,17,154,15,154,13,153,8,151,5,148,2,145,0,142,0,141,5,140,6,138,7,137,8,135,8,133,7,133,6,132,5,130,6,129,7,128,8,129,11,130,12,132,15,131,18,133,19,135,18,140,13,145,13,146,15,146,25,148,27,149,27
1386	144,88,146,88,147,87,147,86,149,86,149,85,150,85,150,86,151,86,151,87,152,86,153,86,153,85,151,85,151,84,150,84,150,83,149,82,148,82,148,83,147,83,148,82,147,82,147,83,145,83,146,84,145,84,145,85,145,86,144,86,143,87,142,87,142,88,143,88,142,89,143,89
1387	254,21,254,20,254,19,255,18,254,18,253,17,253,18,250,18,250,19,250,20,251,20,251,19,252,19,252,20,252,21,253,21,253,22
1388	141,97,140,97,140,98,141,98
1388	139,99,140,98,139,98,139,97,138,97,138,96,137,97,137,98,137,99,137,100,139,100
1389	209,117,209,116,208,115,208,116,207,116,206,117,206,118,209,118
1390	225,109,224,109,224,110
1390	224,108,225,108,225,107,225,106,225,105,225,104,223,104,223,105,223,106,224,106,224,107,224,108,223,108,223,109,224,109
1391	229,0,227,0,227,1,229,1
1392	158,75,157,75,158,74,157,74,156,75,156,76,158,76
1392	158,72,157,72,157,73,158,73
1393	153,67,152,67,152,68,153,68
1393	151,67,151,68,152,68
1393	155,68,154,67,155,67,155,66,154,66,154,67,154,68,153,68,153,69,155,69
1394	134,109,135,109,136,108,136,109,137,108,137,107,135,107,134,108,134,109,133,110,134,110
1395	156,84,155,84,152,83,152,84,153,84,154,85,156,85
1396	173,82,173,81,172,81,172,82,172,83,171,83,172,84,173,84
1397	181,117,180,117,180,118
1397	183,116,182,116,181,117,183,117
1398	140,101,138,101,138,102,140,102
1401	152,68,152,69,153,69
1403	253,18,252,18,252,19,253,19
1409	170,83,169,84,170,84
