Size 2999x3000
Image 2012 1-1.png

PenColor 909B28
Line 1124,845, 1124,880, 62
BrushColor 909B28
PenColor FFFFFF
TextOut arial, 60, 1109, 833, 3, 1

PenColor 9BD3E1
Line 1155,145, 1155,180, 62
BrushColor 9BD3E1
PenColor 000000
TextOut arial, 60, 1127, 134, 13, 1

PenColor BD3D8C
Line 2838,720, 2838,755, 62
BrushColor BD3D8C
PenColor FFFFFF
TextOut arial, 60, 2824, 708, 4, 1

PenColor F6D500
Line 490,1180, 490,1215, 62
BrushColor F6D500
PenColor 000000
TextOut arial, 60, 477, 1168, 1, 1

PenColor 1263AE
Line 736,2050, 736,2085, 62
BrushColor 1263AE
PenColor FFFFFF
TextOut arial, 60, 724, 2040, 2, 1

PenColor 7CC595
Line 1100,2060, 1100,2095, 62
BrushColor 7CC595
PenColor 000000
TextOut arial, 60, 1087, 2049, 6, 1

PenColor 66097B
Line 1960,1875, 1960,1910, 62
BrushColor 66097B
PenColor FFFFFF
TextOut arial, 60, 1931, 1862, 14, 1

PenColor 000000
BrushColor 000000
Polygon 2458,1470, 2458,1543, 2397,1543, 2397,1470, 2381,1470, 2427,1453, 2473,1470, 2458,1470
Polygon 2347,1376, 2355,1368, 2484,1514, 2493,1504, 2347,1376
Polygon 2484,1367, 2494,1376, 2348,1504, 2356,1513, 2484,1367
Ellipse 2420,1440, 2420,1440, 15

Polygon 1000,2025, 1000,2046, 1007,2046, 1007,2051, 1000,2061, 1000,2169, 952,2169, 951,2116, 946,2111, 951,2100, 950,2092, 948,2086, 944,2082, 940,2079, 935,2077, 929,2076, 922,2076, 918,2077, 913,2080, 910,2083, 907,2087, 905,2093, 904,2101, 909,2111, 904,2116, 904,2169, 853,2169, 854,2061, 848,2051, 848,2045, 854,2045, 854,2025, 1000,2025

PenColor 000000
BrushColor 000000
Spline 2934,1257, 2934,1220, 2934,1216, 2937,1212, 2935,1207, 2937,1204, 2933,1198, 2930,1184, 2920,1171, 2917,1168, 2917,1158, 2919,1155, 2917,1152, 2914,1146, 2911,1152, 2909,1155, 2911,1158, 2911,1167, 2910,1171, 2906,1174, 2903,1179, 2901,1173, 2899,1168, 2900,1161, 2894,1149, 2888,1130, 2871,1110, 2868,1095, 2870,1090, 2868,1087, 2868,1079, 2865,1076, 2863,1070, 2861,1076, 2858,1079, 2858,1087, 2856,1090, 2858,1095, 2856,1110, 2838,1130, 2832,1149, 2826,1161, 2828,1168, 2825,1173, 2823,1178, 2819,1172, 2815,1168, 2815,1158, 2816,1154, 2814,1151, 2812,1146, 2810,1151, 2808,1154, 2809,1158, 2809,1168, 2797,1182, 2793,1199, 2789,1203, 2791,1206, 2789,1212, 2792,1216, 2792,1222, 2792,1252, 2792,1257, 2799,1257, 2929,1257, 2934,1257, 5
Polygon 2934,1257, 2934,1220, 2934,1216, 2937,1212, 2935,1207, 2937,1204, 2933,1198, 2930,1184, 2920,1171, 2917,1168, 2917,1158, 2919,1155, 2917,1152, 2914,1146, 2911,1152, 2909,1155, 2911,1158, 2911,1167, 2910,1171, 2906,1174, 2903,1179, 2901,1173, 2899,1168, 2900,1161, 2894,1149, 2888,1130, 2871,1110, 2868,1095, 2870,1090, 2868,1087, 2868,1079, 2865,1076, 2863,1070, 2861,1076, 2858,1079, 2858,1087, 2856,1090, 2858,1095, 2856,1110, 2838,1130, 2832,1149, 2826,1161, 2828,1168, 2825,1173, 2823,1178, 2819,1172, 2815,1168, 2815,1158, 2816,1154, 2814,1151, 2812,1146, 2810,1151, 2808,1154, 2809,1158, 2809,1168, 2797,1182, 2793,1199, 2789,1203, 2791,1206, 2789,1212, 2792,1216, 2792,1222, 2792,1252, 2792,1257, 2799,1257, 2929,1257, 2934,1257

PenColor C4CD00
Line 187,4720, 187,4755, 62
BrushColor C4CD00
PenColor 000000
TextOut arial, 60, 173, 4708, 9, 1

PenColor D9B72E
Line 184,4370, 184,4400, 62
BrushColor D9B72E
PenColor 000000
TextOut arial, 58, 155, 4356, 10, 1

PenColor D0A9CA
Line 996,4490, 996,4525, 62
BrushColor D0A9CA
PenColor 000000
TextOut arial, 60, 982, 4478, 8, 1

PenColor 00855D
Line 1053,4890, 1053,4925, 62
BrushColor 00855D
PenColor FFFFFF
TextOut arial, 58, 1024, 4879, 12, 1

PenColor 9BD3E1
Line 1797,5150, 1797,5185, 62
BrushColor 9BD3E1
PenColor 000000
TextOut arial, 58, 1768, 5139, 13, 1

PenColor BD3D8C
Line 2629,4735, 2629,4770, 62
BrushColor BD3D8C
PenColor FFFFFF
TextOut arial, 60, 2614, 4723, 4, 1

BrushColor 000000
PenColor 000000
Polygon 2322,5500, 2522,5500, 2522,5596, 2322,5596, 2322,5500
PenColor FFFFFF
TextOut arial, 70, 2392, 5513, Orly, 1
BrushColor FFFFFF
PenColor FFFFFF
Polygon 2378,5516, 2378,5581, 2333,5581, 2333,5516, 2378,5516
BrushColor 000000
PenColor 000000
Polygon 2357,5522, 2358,5524, 2358,5540, 2372,5561, 2372,5569, 2357,5554, 2357,5567, 2360,5570, 2360,5575, 2355,5572, 2351,5575, 2351,5570, 2353,5567, 2353,5554, 2338,5570, 2338,5562, 2353,5540, 2353,5524, 2354,5522

PenColor 00855D
Line 3535,750, 3535,785, 62
BrushColor 00855D
PenColor FFFFFF
TextOut arial, 60, 3506, 738, 12, 1

PenColor F5A5B1
Line 4440,360, 4440,395, 62
BrushColor F5A5B1
PenColor 000000
TextOut arial, 60, 4430, 350, 7, 1

PenColor 9BD3E1
Line 3230,150, 3230,185, 62
BrushColor 9BD3E1
PenColor 000000
TextOut arial, 60, 3204, 140, 13, 1

PenColor EF9545
Line 5210,770, 5210,805, 62
BrushColor EF9545
PenColor 000000
TextOut arial, 60, 5198, 760, 5, 1

PenColor 7CC595
Line 3790,1415, 3790,1445, 65
BrushColor 7CC595
PenColor 000000
TextOut arial, 60, 3761, 1400, 7, 1
TextOut arial, 30, 3785, 1420, bis, 1

PenColor 7CC595
Line 4900,1550, 4900,1580, 65
BrushColor 7CC595
PenColor 000000
TextOut arial, 60, 4871, 1536, 7, 1
TextOut arial, 30, 4895, 1556, bis, 1

PenColor 9BD3E1
Line 5028,1641, 5028,1671, 65
BrushColor 9BD3E1
PenColor 000000
TextOut arial, 60, 4998, 1627, 3, 1
TextOut arial, 30, 5024, 1645, bis, 1

PenColor 9BD3E1
Line 4730,2270, 4730,2300, 65
BrushColor 9BD3E1
PenColor 000000
TextOut arial, 60, 4701, 2255, 3, 1
TextOut arial, 30, 4726, 2275, bis, 1

PenColor 83612E
Line 5210,1550, 5210,1580, 62
BrushColor 83612E
PenColor FFFFFF
TextOut arial, 60, 5181, 1535, 11, 1

PenColor 909B28
Line 5210,2415, 5210,2440, 62
BrushColor 909B28
PenColor FFFFFF
TextOut arial, 60, 5196, 2397, 3, 1

PenColor C4CD00
Line 5206,2595, 5206,2630, 62
BrushColor C4CD00
PenColor 000000
TextOut arial, 60, 5193, 2582, 9, 1

PenColor 83612E
Line 3034,2885, 3034,2920, 62
BrushColor 83612E
PenColor FFFFFF
TextOut arial, 60, 3007, 2871, 11, 1

BrushColor 000000
PenColor 000000
Polygon 6042,220, 6242,220, 6242,316, 6042,316, 6042,220
PenColor FFFFFF
TextOut arial, 70, 6106, 232, CDG, 1
BrushColor FFFFFF
PenColor FFFFFF
Polygon 5054,236, 6098,236, 6098,300, 6054,300, 6054,236
BrushColor 000000
PenColor 000000
Polygon 6076,242, 6078,244, 6078,260, 6093,282, 6093,291, 6078,275, 6078,288, 6080,292, 6080,296, 6076,293, 6071,296, 6071,291, 6073,288, 6073,275, 6058,291, 6058,282, 6073,260, 6073,244, 6075,242

PenColor D9B72E
Line 3565,3830, 3565,3865, 62
BrushColor D9B72E
PenColor 000000
TextOut arial, 60, 3536, 3818, 10, 1

PenColor EF9545
Line 3458,4380, 3458,4415, 62
BrushColor EF9545
PenColor 000000
TextOut arial, 60, 3444, 4368, 5, 1

PenColor 66097B
Line 3790,4430, 3790,4465, 62
BrushColor 66097B
PenColor FFFFFF
TextOut arial, 60, 3761, 4418, 14, 1

PenColor F6D500
Line 5210,3638, 5210,3672, 62
BrushColor F6D500
PenColor 000000
TextOut arial, 60, 5195, 3630, 1, 1

PenColor 7CC595
Line 4470,3220, 4470,3255, 62
BrushColor 7CC595
PenColor 000000
TextOut arial, 60, 4456, 3208, 6, 1

PenColor 1263AE
Line 4665,3085, 4665,3120, 62
BrushColor 1263AE
PenColor FFFFFF
TextOut arial, 60, 4650, 3074, 2, 1

PenColor D0A9CA
Line 4754,5132, 4754,5167, 62
BrushColor D0A9CA
PenColor 000000
TextOut arial, 60, 4740, 5120, 8, 1

PenColor F5A5B1
Line 4290,4860, 4290,4895, 62
BrushColor F5A5B1
PenColor 000000
TextOut arial, 60, 4278, 4850, 7, 1

PenColor F5A5B1
Line 3400,5140, 3400,5175, 62
BrushColor F5A5B1
PenColor 000000
TextOut arial, 60, 3390, 5130, 7, 1

PenColor 000000
BrushColor 000000
Spline 1142,3230, 1147,3215, 1159,3172, 1160,3166, 1157,3165, 1157,3155, 1163,3154, 1165,3144, 1175,3065, 1179,2967, 1180,2950, 1175,2949, 1175,2941, 1178,2940, 1178,2928, 1183,2927, 1184,2919, 1184,2898, 1184,2891, 1188,2891, 1188,2898, 1188,2920, 1189,2927, 1194,2928, 1195,2940, 1198,2941, 1198,2949, 1193,2950, 1193,2967, 1197,3063, 1208,3144, 1210,3153, 1215,3154, 1215,3164, 1211,3165, 1213,3171, 1228,3221, 1229,3230, 1213,3231, 1207,3230, 1202,3216, 1196,3184, 1195,3178, 1186,3177, 1177,3178, 1175,3186, 1172,3207, 1164,3231, 1154,3232, 1152,3230, 10

Spline 1132,3230, 1157,3230, 1226,3230, 1240,3231, 1239,3245, 1237,3248, 1240,3254, 1256,3286, 1278,3318, 1284,3326, 1276,3327, 1259,3327, 1253,3326, 1248,3317, 1229,3285, 1189,3266, 1144,3284, 1123,3320, 1118,3327, 1111,3328, 1096,3328, 1089,3327, 1095,3319, 1116,3286, 1133,3252, 1135,3248, 1133,3242, 1132,3230, 10

Polygon 1142,3230, 1147,3215, 1159,3172, 1160,3166, 1157,3165, 1157,3155, 1163,3154, 1165,3144, 1175,3065, 1179,2967, 1180,2950, 1175,2949, 1175,2941, 1178,2940, 1178,2928, 1183,2927, 1184,2919, 1184,2898, 1184,2891, 1188,2891, 1188,2898, 1188,2920, 1189,2927, 1194,2928, 1195,2940, 1198,2941, 1198,2949, 1193,2950, 1193,2967, 1197,3063, 1208,3144, 1210,3153, 1215,3154, 1215,3164, 1211,3165, 1213,3171, 1228,3221, 1229,3230, 1213,3231, 1207,3230, 1202,3216, 1196,3184, 1195,3178, 1186,3177, 1177,3178, 1175,3186, 1172,3207, 1164,3231, 1154,3232, 1142,3230
Polygon 1132,3230, 1157,3230, 1226,3230, 1240,3231, 1239,3245, 1237,3248, 1240,3254, 1256,3286, 1278,3318, 1284,3326, 1276,3327, 1259,3327, 1253,3326, 1248,3317, 1229,3285, 1189,3266, 1144,3284, 1123,3320, 1118,3327, 1111,3328, 1096,3328, 1089,3327, 1095,3319, 1116,3286, 1133,3252, 1135,3248, 1133,3242, 1132,3230

