size 8469x8540

PenColor 909B28
Line 1624,1345, 1624,1380, 65
BrushColor 909B28
PenColor FFFFFF
TextOut arial, 60, 1609, 1333, 3, 1

PenColor 9BD3E1
Line 1655,645, 1655,680, 70
BrushColor 9BD3E1
PenColor 000000
TextOut arial, 60, 1627, 634, 13, 1

PenColor BD3D8C
Line 3338,1220, 3338,1255, 68
BrushColor BD3D8C
PenColor FFFFFF
TextOut arial, 60, 3324, 1208, 4, 1

PenColor F6D500
Line 990,1680, 990,1715, 65
BrushColor F6D500
PenColor 000000
TextOut arial, 60, 977, 1668, 1, 1

PenColor 1263AE
Line 1236,2550, 1236,2585, 65
BrushColor 1263AE
PenColor FFFFFF
TextOut arial, 60, 1224, 2540, 2, 1

PenColor 7CC595
Line 1600,2560, 1600,2595, 65
BrushColor 7CC595
PenColor 000000
TextOut arial, 60, 1587, 2549, 6, 1

PenColor 66097B
Line 2460,2375, 2460,2410, 70
BrushColor 66097B
PenColor FFFFFF
TextOut arial, 60, 2431, 2362, 14, 1

;moulingroughe
BrushColor 1263AE
Polygon 2958,1970, 2958,2043, 2897,2043, 2897,1970, 2881,1970, 2927,1953, 2973,1970, 2958,1970
Polygon 2847,1876, 2855,1868, 2984,2014, 2993,2004, 2847,1876
Polygon 2984,1867, 2994,1876, 2848,2004, 2856,2013, 2984,1867
Polygon 2920,1940, 2920,1940

PenColor 000000
Line 2958,1970, 2958,2043, 2897,2043, 2897,1970, 2881,1970, 2927,1953, 2973,1970, 2958,1970, 6
Line 2847,1876, 2855,1868, 2984,2014, 2993,2004, 2847,1876, 6
Line 2984,1867, 2994,1876, 2848,2004, 2856,2013, 2984,1867, 6
Line 2920,1940, 2920,1940, 6

;triumph arche
PenColor 000000
Line 1500,2525, 1500,2546, 1507,2546, 1507,2551, 1500,2561, 1500,2669, 1452,2669, 1451,2616, 1446,2611, 1451,2600, 1450,2592, 1448,2586, 1444,2582, 1440,2579, 1435,2577, 1429,2576, 1422,2576, 1418,2577, 1413,2580, 1410,2583, 1407,2587, 1405,2593, 1404,2601, 1409,2611, 1404,2616, 1404,2669, 1353,2669, 1354,2561, 1348,2551, 1348,2545, 1354,2545, 1354,2525, 1500,2525, 10

BrushColor 1263AE
Polygon 1500,2525, 1500,2546, 1507,2546, 1507,2551, 1500,2561, 1500,2669, 1452,2669, 1451,2616, 1446,2611, 1451,2600, 1450,2592, 1448,2586, 1444,2582, 1440,2579, 1435,2577, 1429,2576, 1422,2576, 1418,2577, 1413,2580, 1410,2583, 1407,2587, 1405,2593, 1404,2601, 1409,2611, 1404,2616, 1404,2669, 1353,2669, 1354,2561, 1348,2551, 1348,2545, 1354,2545, 1354,2525, 1500,2525

PenColor 000000
BrushColor 000000
Spline 3434,1757, 3434,1720, 3434,1716, 3437,1712, 3435,1707, 3437,1704, 3433,1698, 3430,1684, 3420,1671, 3417,1668, 3417,1658, 3419,1655, 3417,1652, 3414,1646, 3411,1652, 3409,1655, 3411,1658, 3411,1667, 3410,1671, 3406,1674, 3403,1679, 3401,1673, 3399,1668, 3400,1661, 3394,1649, 3388,1630, 3371,1610, 3368,1595, 3370,1590, 3368,1587, 3368,1579, 3365,1576, 3363,1570, 3361,1576, 3358,1579, 3358,1587, 3356,1590, 3358,1595, 3356,1610, 3338,1630, 3332,1649, 3326,1661, 3328,1668, 3325,1673, 3323,1678, 3319,1672, 3315,1668, 3315,1658, 3316,1654, 3314,1651, 3312,1646, 3310,1651, 3308,1654, 3309,1658, 3309,1668, 3297,1682, 3293,1699, 3289,1703, 3291,1706, 3289,1712, 3292,1716, 3292,1722, 3292,1752, 3292,1757, 3299,1757, 3429,1757, 3434,1757, 10

BrushColor 1263AE
Polygon 3434,1757, 3434,1720, 3434,1716, 3437,1712, 3435,1707, 3437,1704, 3433,1698, 3430,1684, 3420,1671, 3417,1668, 3417,1658, 3419,1655, 3417,1652, 3414,1646, 3411,1652, 3409,1655, 3411,1658, 3411,1667, 3410,1671, 3406,1674, 3403,1679, 3401,1673, 3399,1668, 3400,1661, 3394,1649, 3388,1630, 3371,1610, 3368,1595, 3370,1590, 3368,1587, 3368,1579, 3365,1576, 3363,1570, 3361,1576, 3358,1579, 3358,1587, 3356,1590, 3358,1595, 3356,1610, 3338,1630, 3332,1649, 3326,1661, 3328,1668, 3325,1673, 3323,1678, 3319,1672, 3315,1668, 3315,1658, 3316,1654, 3314,1651, 3312,1646, 3310,1651, 3308,1654, 3309,1658, 3309,1668, 3297,1682, 3293,1699, 3289,1703, 3291,1706, 3289,1712, 3292,1716, 3292,1722, 3292,1752, 3292,1757, 3299,1757, 3429,1757, 3434,1757

PenColor C4CD00
Line 687,5220, 687,5255, 65
BrushColor C4CD00
PenColor 000000
TextOut arial, 60, 673, 5208, 9, 1

PenColor D9B72E
Line 684,4870, 684,4900, 70
BrushColor D9B72E
PenColor 000000
TextOut arial, 58, 655, 4856, 10, 1

PenColor D0A9CA
Line 1496,4990, 1496,5025, 65
BrushColor D0A9CA
PenColor 000000
TextOut arial, 60, 1482, 4978, 8, 1

PenColor 00855D
Line 1553,5390, 1553,5425, 70
BrushColor 00855D
PenColor FFFFFF
TextOut arial, 58, 1524, 5379, 12, 1

PenColor 9BD3E1
Line 2297,5650, 2297,5685, 70
BrushColor 9BD3E1
PenColor 000000
TextOut arial, 58, 2268, 5639, 13, 1

PenColor BD3D8C
Line 3129,5235, 3129,5270, 65
BrushColor BD3D8C
PenColor FFFFFF
TextOut arial, 60, 3114, 5223, 4, 1

PenColor 00855D
Line 4035,1250, 4035,1285, 70
BrushColor 00855D
PenColor FFFFFF
TextOut arial, 60, 4006, 1238, 12, 1

PenColor F5A5B1
Line 4940,860, 4940,895, 65
BrushColor F5A5B1
PenColor 000000
TextOut arial, 60, 4930, 850, 7, 1

PenColor 9BD3E1
Line 3730,650, 3730,685, 70
BrushColor 9BD3E1
PenColor 000000
TextOut arial, 60, 3704, 640, 13, 1

PenColor EF9545
Line 5710,1270, 5710,1305, 65
BrushColor EF9545
PenColor 000000
TextOut arial, 60, 5698, 1260, 5, 1

PenColor 7CC595
Line 4290,1915, 4290,1945, 70
BrushColor 7CC595
PenColor 000000
TextOut arial, 60, 4261, 1900, 7, 1
TextOut arial, 30, 4285, 1920, bis, 1

PenColor 7CC595
Line 5400,2050, 5400,2080, 70
BrushColor 7CC595
PenColor 000000
TextOut arial, 60, 5371, 2036, 7, 1
TextOut arial, 30, 5395, 2056, bis, 1

PenColor 9BD3E1
Line 5528,2141, 5528,2171, 70
BrushColor 9BD3E1
PenColor 000000
TextOut arial, 60, 5498, 2127, 3, 1
TextOut arial, 30, 5524, 2145, bis, 1

PenColor 9BD3E1
Line 5230,2770, 5230,2800, 70
BrushColor 9BD3E1
PenColor 000000
TextOut arial, 60, 5201, 2755, 3, 1
TextOut arial, 30, 5226, 2775, bis, 1

PenColor 83612E
Line 5710,2050, 5710,2080, 70
BrushColor 83612E
PenColor FFFFFF
TextOut arial, 60, 5681, 2035, 11, 1

PenColor 909B28
Line 5710,2915, 5710,2940, 65
BrushColor 909B28
PenColor FFFFFF
TextOut arial, 60, 5696, 2897, 3, 1

PenColor C4CD00
Line 5706,3095, 5706,3130, 65
BrushColor C4CD00
PenColor 000000
TextOut arial, 60, 5693, 3082, 9, 1

PenColor 83612E
Line 3534,3385, 3534,3420, 70
BrushColor 83612E
PenColor FFFFFF
TextOut arial, 60, 3507, 3371, 11, 1

PenColor D9B72E
Line 4065,4330, 4065,4365, 70
BrushColor D9B72E
PenColor 000000
TextOut arial, 60, 4036, 4318, 10, 1

PenColor EF9545
Line 3958,4880, 3958,4915, 65
BrushColor EF9545
PenColor 000000
TextOut arial, 60, 3944, 4868, 5, 1

PenColor 66097B
Line 4290,4930, 4290,4965, 70
BrushColor 66097B
PenColor FFFFFF
TextOut arial, 60, 4261, 4918, 14, 1

PenColor F6D500
Line 5710,4138, 5710,4172, 65
BrushColor F6D500
PenColor 000000
TextOut arial, 60, 5695, 4130, 1, 1

PenColor 7CC595
Line 4970,3720, 4970,3755, 65
BrushColor 7CC595
PenColor 000000
TextOut arial, 60, 4956, 3708, 6, 1

PenColor 1263AE
Line 5165,3585, 5165,3620, 65
BrushColor 1263AE
PenColor FFFFFF
TextOut arial, 60, 5150, 3574, 2, 1

PenColor D0A9CA
Line 5254,5632, 5254,5667, 65
BrushColor D0A9CA
PenColor 000000
TextOut arial, 60, 5240, 5620, 8, 1

PenColor F5A5B1
Line 4790,5360, 4790,5395, 65
BrushColor F5A5B1
PenColor 000000
TextOut arial, 60, 4778, 5350, 7, 1

PenColor F5A5B1
Line 3900,5640, 3900,5675, 65
BrushColor F5A5B1
PenColor 000000
TextOut arial, 60, 3890, 5630, 7, 1

PenColor 000000
BrushColor 000000
Spline 1642,3730, 1647,3715, 1659,3672, 1660,3666, 1657,3665, 1657,3655, 1663,3654, 1665,3644, 1675,3565, 1679,3467, 1680,3450, 1675,3449, 1675,3441, 1678,3440, 1678,3428, 1683,3427, 1684,3419, 1684,3398, 1684,3391, 1688,3391, 1688,3398, 1688,3420, 1689,3427, 1694,3428, 1695,3440, 1698,3441, 1698,3449, 1693,3450, 1693,3467, 1697,3563, 1708,3644, 1710,3653, 1715,3654, 1715,3664, 1711,3665, 1713,3671, 1728,3721, 1729,3730, 1713,3731, 1707,3730, 1702,3716, 1696,3684, 1695,3678, 1686,3677, 1677,3678, 1675,3686, 1672,3707, 1664,3731, 1654,3732, 1652,3730, 10

Spline 1632,3730, 1657,3730, 1726,3730, 1740,3731, 1739,3745, 1737,3748, 1740,3754, 1756,3786, 1778,3818, 1784,3826, 1776,3827, 1759,3827, 1753,3826, 1748,3817, 1729,3785, 1689,3766, 1644,3784, 1623,3820, 1618,3827, 1611,3828, 1596,3828, 1589,3827, 1595,3819, 1616,3786, 1633,3752, 1635,3748, 1633,3742, 1632,3730, 10

BrushColor 7CC595
Polygon 1642,3730, 1647,3715, 1659,3672, 1660,3666, 1657,3665, 1657,3655, 1663,3654, 1665,3644, 1675,3565, 1679,3467, 1680,3450, 1675,3449, 1675,3441, 1678,3440, 1678,3428, 1683,3427, 1684,3419, 1684,3398, 1684,3391, 1688,3391, 1688,3398, 1688,3420, 1689,3427, 1694,3428, 1695,3440, 1698,3441, 1698,3449, 1693,3450, 1693,3467, 1697,3563, 1708,3644, 1710,3653, 1715,3654, 1715,3664, 1711,3665, 1713,3671, 1728,3721, 1729,3730, 1713,3731, 1707,3730, 1702,3716, 1696,3684, 1695,3678, 1686,3677, 1677,3678, 1675,3686, 1672,3707, 1664,3731, 1654,3732, 1642,3730

BrushColor 7CC595
Polygon 1632,3730, 1657,3730, 1726,3730, 1740,3731, 1739,3745, 1737,3748, 1740,3754, 1756,3786, 1778,3818, 1784,3826, 1776,3827, 1759,3827, 1753,3826, 1748,3817, 1729,3785, 1689,3766, 1644,3784, 1623,3820, 1618,3827, 1611,3828, 1596,3828, 1589,3827, 1595,3819, 1616,3786, 1633,3752, 1635,3748, 1633,3742, 1632,3730

;mamaletik 
BrushColor FFFF00
PenColor FFFF00
Line 6910,342, 6910,342, 124
PenColor 000000
Line 6935,317, 6890,362, 8
Line 6890,362, 6880,357, 8
Line 6920,332, 6925,357, 8
Line 6920,332, 6890,332, 8

;mamaletik 
BrushColor FFFF00
PenColor FFFF00
Line 3828,6566, 3828,6566, 124
PenColor 000000
Line 3853,6541, 3808,6586, 8
Line 3808,6586, 3798,6581, 8
Line 3838,6556, 3843,6581, 8
Line 3838,6556, 3808,6561, 8