Size 2304x2900
PenColor CCECF4
BrushColor FFFFFF
Spline 1804,2709, 1804,1984, 1804,1380, 1804,1314, 1804,1218, 1787,1193, 1758,1181, 1713,1181, 1549,1181, 833,1184, 679,1184, 640,1194, 617,1214, 589,1249, 554,1292, 527,1326, 508,1345, 470,1345, 284,1345, 223,1345, 14,1345, 25
Spline 658,1186, 596,1115, 494,1006, 443,949, 413,919, 375,916, 323,915, 159,916, 12,915, 25
Spline 301,918, 301,869, 309,851, 338,844, 476,843, 630,843, 1082,844, 1150,845, 1187,845, 1212,853, 1219,877, 1219,937, 1219,1086, 1220,1187, 12
Line 302,919, 1219,913, 12
Line 868,848, 867,911, 12

PenColor 4682B4

TextOut Arial, 16, 1491, 229, Девяткино
TextOut Arial, 16, 1491, 362, Гражданский проспект
TextOut Arial, 16, 1491, 482, Академическая
TextOut Arial, 16, 1491, 601, Политехническая
TextOut Arial, 16, 1491, 721, Площадь Мужества
TextOut Arial, 16, 1491, 840, Лесная
TextOut Arial, 16, 1491, 961, Выборгская
TextOut Arial, 16, 1491, 1096, Площадь Ленина
TextOut Arial, 16, 1491, 1269, Чернышевская
TextOut Arial, 16, 1491, 1458, Площадь Восстания
TextOut Arial, 16, 1298, 1705, Владимирская
TextOut Arial, 16, 1180, 1638, Пушкинская
TextOut Arial, 16, 796, 1634, Технологический институт
TextOut Arial, 16, 847, 1814, Балтийская
TextOut Arial, 16, 732, 1938, Нарвская
TextOut Arial, 16, 714, 2106, Кировский завод
TextOut Arial, 16, 712, 2274, Автово
TextOut Arial, 16, 709, 2438, Ленинский проспект
TextOut Arial, 16, 713, 2608, Проспект Ветеранов

TextOut Arial, 16, 1010, 2601, Купчино
TextOut Arial, 16, 1010, 2458, Звездная
TextOut Arial, 16, 1010, 2336, Московская
TextOut Arial, 16, 1010, 2213, Парк Победы
TextOut Arial, 16, 1010, 2091, Электросила
TextOut Arial, 16, 1010, 1971, Московские ворота
TextOut Arial, 16, 1010, 1849, Фрунзенская
TextOut Arial, 16, 987, 1710, Технологический институт
TextOut Arial, 16, 1010, 1476, Сенная площадь
TextOut Arial, 16, 848, 1242, Невский проспект
TextOut Arial, 16, 1010, 1101, Горьковская
TextOut Arial, 16, 1010, 980, Петроградская
TextOut Arial, 16, 1010, 803, Черная речка
TextOut Arial, 16, 1010, 685, Пионерская
TextOut Arial, 16, 1010, 574, Удельная
TextOut Arial, 16, 1010, 457, Озерки
TextOut Arial, 16, 1010, 347, Проспект Просвещения
TextOut Arial, 16, 1010, 226, Парнас

TextOut Arial, 16, 293, 1046, Приморская
TextOut Arial, 16, 406, 1162, Василеостровская
TextOut Arial, 16, 1039, 1278, Гостинный двор
TextOut Arial, 16, 1320, 1513, Маяковская
TextOut Arial, 16, 1640, 1789, Площадь Александра Невского
TextOut Arial, 16, 1640, 2100, Елизаровская
TextOut Arial, 16, 1640, 2223, Ломоносовская
TextOut Arial, 16, 1640, 2349, Пролетарская
TextOut Arial, 16, 1640, 2473, Обухово
TextOut Arial, 16, 1640, 2603, Рыбацкое

TextOut Arial, 16, 1039, 1402, Спасская
TextOut Arial, 16, 1327, 1595, Достоевская
TextOut Arial, 16, 1474, 1759, Лиговский проспект
TextOut Arial, 16, 1659, 1887, Площадь Александра Невского
TextOut Arial, 16, 1916, 1876, Новочеркасская
TextOut Arial, 16, 1997, 1952, Ладожская
TextOut Arial, 16, 2013, 2088, Проспект Большевиков
TextOut Arial, 16, 2018, 2228, Улица Дыбенко
 
TextOut Arial, 16, 699, 602, Комендантский проспект
TextOut Arial, 16, 698, 766, Старая Деревня
TextOut Arial, 16, 699, 884, Крестовский остров
TextOut Arial, 16, 699, 984, Чкаловская
TextOut Arial, 16, 699, 1103, Спортивная
TextOut Arial, 16, 648, 1351, Адмиралтейская
TextOut Arial, 16, 848, 1527, Садовая
TextOut Arial, 16, 1184, 1724, Звенигородская
TextOut Arial, 16, 1305, 1938, Обводный канал
TextOut Arial, 16, 1308, 2039, Волковская

PenColor 000000
BrushColor 000000

Polygon 225,1284, 233,1279, 242,1277, 242,1272, 247,1272, 247,1277, 252,1276, 256,1277, 256,1273, 260,1273, 261,1277, 275,1277, 278,1275, 303,1275, 310,1272, 314,1272, 317,1271, 317,1255, 317,1252, 315,1250, 318,1246, 316,1243, 323,1242, 323,1235, 324,1222, 328,1214, 328,1207, 331,1204, 328,1201, 330,1198, 334,1200, 332,1204, 334,1207, 334,1214, 338,1222, 339,1235, 340,1241, 347,1242, 346,1246, 350,1249, 347,1251, 347,1255, 347,1271, 352,1272, 359,1272, 363,1275, 374,1274, 376,1270, 379,1274, 390,1274, 392,1275, 397,1275, 398,1278, 402,1280, 402,1275, 406,1275, 407,1281, 413,1283, 424,1285, 431,1286, 431,1291, 430,1295, 430,1301, 430,1311, 429,1318, 420,1318, 371,1318, 299,1318, 240,1318, 226,1316, 225,1307, 225,1295, 225,1284
Polygon 805,1267, 801,1264, 799,1261, 789,1256, 786,1255, 788,1250, 791,1246, 791,1241, 786,1240, 781,1244, 776,1247, 773,1248, 773,1254, 778,1263, 771,1261, 771,1257, 766,1248, 770,1243, 772,1239, 768,1236, 766,1232, 761,1238, 758,1256, 746,1256, 751,1238, 758,1224, 765,1218, 765,1213, 771,1207, 780,1200, 784,1194, 787,1185, 784,1177, 786,1169, 789,1163, 793,1161, 790,1154, 792,1149, 798,1146, 802,1150, 802,1156, 799,1160, 805,1163, 809,1167, 811,1162, 813,1161, 812,1158, 819,1153, 826,1153, 827,1151, 830,1151, 831,1148, 833,1151, 838,1155, 842,1157, 847,1162, 850,1162, 850,1168, 848,1168, 845,1171, 836,1168, 835,1172, 843,1182, 845,1196, 845,1203, 856,1202, 862,1202, 866,1208, 871,1213, 871,1221, 868,1225, 864,1225, 864,1221, 867,1216, 863,1212, 858,1208, 850,1208, 850,1215, 851,1222, 847,1230, 841,1229, 841,1225, 844,1222, 845,1223, 846,1218, 845,1211, 841,1213, 836,1215, 842,1222, 839,1226, 833,1218, 831,1215, 822,1223, 807,1228, 806,1234, 803,1243, 797,1248, 796,1254, 803,1258, 811,1261, 820,1269, 805,1267
Spline 225,1284, 233,1279, 242,1277, 242,1272, 247,1272, 247,1277, 252,1276, 256,1277, 256,1273, 260,1273, 261,1277, 275,1277, 278,1275, 303,1275, 310,1272, 314,1272, 317,1271, 317,1255, 317,1252, 315,1250, 318,1246, 316,1243, 323,1242, 323,1235, 324,1222, 328,1214, 328,1207, 331,1204, 328,1201, 330,1198, 334,1200, 332,1204, 334,1207, 334,1214, 338,1222, 339,1235, 340,1241, 347,1242, 346,1246, 350,1249, 347,1251, 347,1255, 347,1271, 352,1272, 359,1272, 363,1275, 374,1274, 376,1270, 379,1274, 390,1274, 392,1275, 397,1275, 398,1278, 402,1280, 402,1275, 406,1275, 407,1281, 413,1283, 424,1285, 431,1286, 431,1291, 430,1295, 430,1301, 430,1311, 429,1318, 420,1318, 371,1318, 299,1318, 240,1318, 226,1316, 225,1307, 225,1295, 225,1284
Spline 805,1267, 801,1264, 799,1261, 789,1256, 786,1255, 788,1250, 791,1246, 791,1241, 786,1240, 781,1244, 776,1247, 773,1248, 773,1254, 778,1263, 771,1261, 771,1257, 766,1248, 770,1243, 772,1239, 768,1236, 766,1232, 761,1238, 758,1256, 746,1256, 751,1238, 758,1224, 765,1218, 765,1213, 771,1207, 780,1200, 784,1194, 787,1185, 784,1177, 786,1169, 789,1163, 793,1161, 790,1154, 792,1149, 798,1146, 802,1150, 802,1156, 799,1160, 805,1163, 809,1167, 811,1162, 813,1161, 812,1158, 819,1153, 826,1153, 827,1151, 830,1151, 831,1148, 833,1151, 838,1155, 842,1157, 847,1162, 850,1162, 850,1168, 848,1168, 845,1171, 836,1168, 835,1172, 843,1182, 845,1196, 845,1203, 856,1202, 862,1202, 866,1208, 871,1213, 871,1221, 868,1225, 864,1225, 864,1221, 867,1216, 863,1212, 858,1208, 850,1208, 850,1215, 851,1222, 847,1230, 841,1229, 841,1225, 844,1222, 845,1223, 846,1218, 845,1211, 841,1213, 836,1215, 842,1222, 839,1226, 833,1218, 831,1215, 822,1223, 807,1228, 806,1234, 803,1243, 797,1248, 796,1254, 803,1258, 811,1261, 820,1269, 805,1267
Polygon 849,1282, 840,1277, 822,1268, 799,1267, 786,1265, 764,1257, 747,1253, 744,1262, 744,1268, 739,1274, 738,1281, 744,1281, 779,1281, 819,1281, 849,1282
Polygon 1297,1198, 1295,1202, 1289,1201, 1286,1207, 1281,1208, 1278,1206, 1275,1209, 1268,1208, 1269,1215, 1242,1214, 1242,1210, 1199,1211, 1198,1207, 1124,1206, 1124,1217, 1053,1219, 1053,1213, 1034,1214, 1032,1207, 1007,1206, 1004,1193, 1077,1191, 1109,1130, 1148,1126, 1119,1193, 1138,1192, 1144,1189, 1155,1189, 1158,1132, 1162,1189, 1176,1189, 1180,1193, 1201,1193, 1177,1135, 1222,1127, 1248,1195, 1268,1194, 1269,1198, 1297,1198
Line 1128,1110, 1146,1126
Line 1095,1118, 1109,1129
Line 1232,1122, 1218,1127
Line 1196,1126, 1183,1134
Polygon 786,1449, 802,1437, 889,1438, 908,1452, 909,1495, 787,1495, 786,1450
Spline 802,1441, 802,1420, 805,1414, 810,1409, 815,1413, 816,1390, 822,1389, 824,1371, 836,1359, 837,1348, 841,1343, 845,1349, 845,1358, 857,1371, 860,1390, 864,1389, 866,1420, 871,1427, 870,1438, 877,1438, 877,1425, 875,1420, 883,1412, 892,1421, 890,1423, 890,1438, 884,1441, 802,1441
Polygon 802,1441, 802,1420, 805,1414, 810,1409, 815,1413, 816,1390, 822,1389, 824,1371, 836,1359, 837,1348, 841,1343, 845,1349, 845,1358, 857,1371, 860,1390, 864,1389, 866,1420, 871,1427, 870,1438, 877,1438, 877,1425, 875,1420, 883,1412, 892,1421, 890,1423, 890,1438, 884,1441, 802,1441
