Size 5420x5312

BrushColor ffe5c2
Polygon 0,5312, 0,0, 5420,0, 5420,5312, 

BrushColor fffcdf
Polygon 1778,735, 4125,735, 5043,1667, 5043,2564, 4973,2669, 4973,3706, 4006,4680, 1435,4680, 1252,4504, 685,4504, 300,4112, 300,2339, 

penColor bddeef
Line 2524,-54, 2524,118, 2422,216, 1728,216, -30,1996, -30,4578, 286,4908, 528,4910, 802,4622, 806,3232, 1170,2854, 1169,2854, 2978,2854, 3363,3227, 3363,3350, 4395,4435, 4489,4435, 4669,4350, 5451,4350,  55
line 2348,2863, 2575,3105, 3095,3105, 3460,3466, 25
line 3095,2970, 3095,3100, 40
line 4461,4433, 4461,5337, 55

pencolor d0aa3b
line 645,3926, 685,3926, 666,3897, 10
line 773,3829, 751,3800, 793,3800, 10
line 413,3852, 385,3852, 417,3809, 10
line 355,3926, 394,3927, 374,3899, 10

pencolor 6fbd8d
line 4598,1694, 4632,1732, 4628,1688, 10 
line 4776,1670, 4810,1634, 4784,1628, 10
line 4748,1536, 4714,1500, 4718,1544, 10
line 4604,1528, 4572,1560, 4598,1566, 10