Size 2298x1622
Image 

BrushColor C6C7CC
Polygon 623,168, 592,153, 460,153, 460,166, 674,388, 674,477, 646,505, 599,458, 611,446, 545,381, 405,520, 470,588, 590,468, 621,499, 447,674, 464,691, 530,625, 551,645, 485,711, 502,728, 676,553, 676,633, 544,765, 628,848, 759,848, 826,876, 877,928, 1136,928, 1136,895, 1058,895, 1058,829, 1167,829, 1167,798, 1195,798, 1274,738, 1432,738, 1510,769, 1691,950, 1760,881, 1606,726, 1597,638, 1621,613, 1550,542, 1503,578, 1355,578, 1316,558, 1066,305, 808,305, 912,405, 861,458, 758,364, 718,396, 493,167, 552,167, 593,199
Polygon 405,1040, 450,1040, 450,880, 405,880
Polygon 585,1056, 678,1056, 678,1032, 729,1032, 729,1084, 790,1140, 1242,1140, 1165,1061, 881,1061, 813,1036, 750,972, 585,972
Polygon 1300,1084, 1369,1013, 1300,945, 1233,1013
Polygon 1618,1207, 1656,1169, 1619,1131, 1581,1169
Polygon 1545,1132, 1584,1093, 1545,1054, 1506,1093
Polygon 2125,1199, 2234,1200, 2234,434, 2124,552
Polygon 1800,776, 1820,755, 1775,710, 1755,730
Polygon 1854,501, 1909,556, 1862,603, 1807,548
Polygon 1871,485, 2011,343, 2065,397, 1924,538
Polygon 1829,468, 1883,414, 1861,392, 1807,446
Polygon 1847,287, 1963,170, 2001,208, 1941,271, 1916,247, 1907,256, 1916,265, 1870,310
Polygon 2190,338, 2234,338, 2234,41, 2190,41
Polygon 1847,175, 1908,114, 1878,84, 1817,145
Polygon 1524,314, 1581,253, 1497,169, 1415,251, 1474,314
Polygon 1353,435, 1389,399, 1353,363, 1317,399
Polygon 1394,191, 1453,132, 1430,109, 1371,168
Polygon 1628,380, 1754,252, 1571,70, 1543,98, 1707,266, 1613,365
Polygon 1247,79, 1496,79, 1496,42, 1247,42
BrushColor FFFFFF
Polygon 1047,894, 1017,894, 884,764, 1056,592, 1102,638, 979,763, 1047,830
Polygon 1110,630, 1065,584, 1074,574, 978,477, 916,539, 854,476, 912,418, 927,433, 977,383, 1167,573
Polygon 908,548, 847,485, 821,511, 823,621, 848,609
Polygon 808,625, 808,523, 803,524, 728,451, 661,520, 758,615
BrushColor FFFFFF
Polygon 2059,907, 2133,907, 2133,1135, 2059,1135
Polygon 2106,1141, 2128,1141, 2128,1182, 2106,1182
Polygon 2069,793, 2139,793, 2139,775, 2069,775
Polygon 2069,717, 2139,717, 2139,699, 2069,700
Polygon 2194,323, 2194,238, 2172,238, 2172,323
Polygon 2194,235, 2152,235, 2152,216, 2194,216
Polygon 2142,116, 2194,116, 2194,96, 2142,96
Polygon 1899,178, 1912,166, 1949,203, 1936,216
Polygon 1892,171, 1905,158, 1875,129, 1863,141
Polygon 1844,244, 1857,231, 1886,261, 1874,274
Polygon 1289,705, 1313,705, 1314,939, 1289,939
Polygon 1379,705, 1402,705, 1401,908, 1379,908
Polygon 1151,403, 1210,343, 1305,438, 1246,497
