1	4,252,3,252,3,251,3,250,4,250,4,251
1	16,254,17,254,17,253,18,253,18,252,17,251,17,250,17,249,18,249,18,248,15,248,15,247,14,247,14,246,12,246,11,245,10,245,10,244,9,243,8,243,8,244,7,244,7,245,5,245,5,246,4,245,3,245,2,246,1,246,1,248,2,248,2,249,2,250,2,251,3,252,2,253,1,253,1,252,0,252,0,255,17,255
1455	245,254,245,253,245,252,245,251,246,251,246,250,244,250,243,249,242,248,241,248,240,247,239,246,237,246,236,245,236,246,236,247,237,247,237,248,238,248,238,249,237,249,237,250,236,250,236,251,236,252,236,253,235,254,234,254,234,255,245,255
2535	10,248,10,247,9,247,9,248,8,248,9,249
2536	13,247,12,247,12,248,13,248
2537	31,232,30,232,30,233,31,233
2538	24,227,24,226,23,226,23,227,23,228
2539	18,230,17,230,18,231
2540	27,235,26,235,26,236,27,236
2541	13,250,12,250,12,251,13,251
2542	17,245,16,245,16,246
2543	14,248,13,248,13,249,14,249
2545	21,230,20,231,21,231
2546	13,249,12,249,13,250
2550	7,253,6,253,6,254,7,254
2552	4,238,3,239,4,239
2555	10,227,9,227,9,228
2557	18,233,18,234,19,234
2559	17,250,16,250,17,251
2662	37,236,36,236,36,235,35,235,35,236,34,236,35,237,36,237
2663	36,254,34,254,34,255,36,255
2669	35,226,34,226,34,227,35,227
2671	42,224,41,224,41,225,42,225
2674	40,229,39,229,39,230
2675	33,237,32,237,32,238,33,238
2691	52,226,52,227,53,227
2702	32,230,32,231,33,231
2711	103,234,102,234,102,235,103,235
2715	103,235,102,235,102,236,103,236
2718	105,231,104,231,105,232
2723	124,224,123,224,123,225,124,225
2724	109,241,108,241,109,242
2729	152,250,151,249,149,249,149,248,148,248,148,247,148,246,147,246,147,245,147,244,147,243,147,242,146,242,146,241,146,240,145,240,145,239,143,239,143,240,144,240,144,241,144,242,144,243,144,244,144,245,144,246,144,247,144,248,144,249,143,250,142,251
2730	136,251,135,251,136,252
2730	138,251,137,251,137,250,138,250,137,249,137,250,136,250,137,251,137,252,138,252
2730	133,249,133,250,134,250
2731	148,235,147,235,147,236,148,236
2732	151,249,151,250,152,250
2732	151,249,150,249,151,249
2733	148,226,147,226,147,227
2735	143,250,142,250,142,251,143,251
2738	152,249,151,249,152,250
2740	158,226,157,226,157,227,158,227
2755	142,246,141,246,141,247,142,247
2807	179,246,179,245,177,245,177,246,178,246,178,247,179,247
2808	176,249,175,249,175,250,176,250
2809	175,243,174,243,174,244,175,244
2810	177,246,176,245,177,247
2811	188,223,187,223,187,224,188,224
2812	190,245,189,245,189,246,190,246
2815	186,235,186,236,187,236
2816	186,232,185,232,185,233,186,233
2838	185,235,184,235,184,236,185,236
2845	176,235,175,235,175,236,176,236
2860	176,238,175,238,175,239,176,239
2863	184,239,183,239,183,240,184,240
2940	176,249,175,249,175,250,176,250
2991	209,233,209,232,208,232,208,231,207,231,207,232,207,233,208,233,209,234
2992	201,233,201,232,199,232,199,233,200,233,200,234,201,234
2993	202,228,201,228,201,229,202,229
2995	215,237,214,237,214,238,215,238
2996	222,248,221,249,222,249
2998	200,245,199,245,199,246,200,246
2999	201,233,200,233,200,234,201,234
3002	219,228,219,229,220,229
3016	198,244,197,244,197,245,198,245
3032	193,235,192,235,193,236
3142	237,251,237,250,236,250,236,251,236,252,237,252
3143	238,226,237,226,237,227
3144	240,250,239,250,239,251,240,251
3145	234,236,233,236,233,237,234,237
3146	254,251,253,252,254,252
3152	254,244,254,245,255,245
3160	238,244,237,244,237,245,238,245
3163	243,253,242,253,242,254,243,254
3169	250,235,249,235,249,236,250,236
3174	243,254,243,255,244,255
3178	232,251,231,252,232,252
3621	30,222,31,221,30,220,30,221,29,221,28,222,28,223,31,223
3623	18,221,17,221,17,222,18,222
3657	36,217,35,217,34,218,37,218
3658	63,204,62,204,62,205,63,205
3660	60,217,59,217,60,218
3665	38,209,37,210,38,210
3678	43,221,43,222,44,222
3697	57,205,56,205,56,206,57,206
3700	62,213,61,214,62,214
3729	74,212,72,212,72,213,73,213
3730	68,217,68,218,69,218
3733	71,218,70,218,70,219,71,219
3743	79,209,78,209,78,210,79,210
3772	85,210,85,209,83,209,83,210,83,211,85,211
3773	82,209,82,210,83,210
3775	85,213,84,213,84,214,85,214
3777	95,217,94,217,94,218
3786	87,212,86,212,86,213,87,213
3787	84,209,83,209,83,210
3944	91,206,92,206,92,205,93,205,94,206,95,205,95,206,96,205,96,204,98,204,98,203,97,203,97,201,100,201,100,200,102,200,103,199,102,199,103,198,104,197,103,196,103,195,92,195,92,196,89,196,89,197,88,197,88,198,87,198,87,199,84,199,84,200,83,200,83,201,85,201,85,202,85,203,85,204,85,205,86,205,87,204,87,207,88,207
3945	105,201,107,201,108,200,108,199,107,199,107,198,107,197,108,196,108,195,108,194,104,194,104,195,101,195,98,194,98,195,93,195,92,196,100,196,99,197,99,198,99,199,102,199,102,200,103,202,105,202
3946	98,200,98,199,98,198,97,197,97,196,97,195,96,195,95,196,94,196,94,197,92,197,92,198,93,198,94,199,95,199,95,200,96,200,97,201,98,201
3947	96,204,97,204,98,203,97,203,97,202,97,201,96,200,95,200,94,201,93,202,94,202,94,203,95,204,96,205
3948	119,202,118,201,116,201,115,203,116,203,116,202,118,202,118,203
3949	130,201,129,201,129,202,130,202
3950	96,195,95,195,95,196
3951	96,201,95,201,95,202,96,202
3952	101,195,100,196,101,196
3953	99,195,98,195,98,196,99,196
3954	107,211,106,211,106,212,107,212
3955	101,205,100,205,100,206,101,206
3956	98,194,98,195,101,195
3964	110,195,109,195,109,196,110,196
3966	116,204,115,204,115,205,116,205
3973	113,215,112,215,113,216
3975	96,197,95,197,96,198
3988	120,204,120,205,121,205
3996	110,196,109,196,109,197,110,197
4007	116,212,115,212,115,213,116,213
4056	121,196,120,196,120,197
4216	141,196,140,196,140,197,141,197
4216	143,195,142,195,142,196,143,196
4216	145,194,144,194,144,195,145,195
4216	147,193,146,193,146,194,147,194
4217	144,201,143,201,143,202,144,202
4218	158,217,157,217,157,218,158,218
4219	134,201,133,201,133,202,134,202
4220	131,207,130,207,130,208
4221	154,194,153,194,153,195,154,195
4229	129,213,128,213,128,214,129,214
4237	148,194,147,194,147,195,148,195
4241	130,201,129,201,129,202,130,202
4253	147,193,146,193,146,194,147,194
4274	151,194,150,194,150,195,151,195
4374	131,201,130,201,130,202
4379	147,193,146,193,146,194,147,194
4414	158,217,157,217,157,218
4544	194,218,194,217,193,216,193,215,192,215,192,216,190,216,190,217,189,217,188,218,188,219,190,219,191,218,192,218,192,217,193,217,193,218,192,218,192,219,194,219
4545	179,196,178,196,179,197
4547	187,213,187,214,188,214
4548	177,193,176,193,176,194,177,194
4554	164,213,163,213,163,214,164,214
4556	190,211,189,211,189,212,190,212
4558	189,206,188,206,188,207,189,207
4567	171,201,170,201,170,202,171,202
4594	205,211,205,210,208,210,208,209,208,208,207,209,205,209,204,210,204,211,205,212
4596	201,204,200,204,200,205,201,205
4606	205,219,204,219,204,220,205,220
4609	208,213,207,213,207,214,208,214
4650	245,221,246,221,246,220,241,220,241,221,244,221,244,222,245,222
4651	238,221,237,221,237,222,238,222
4669	73,203,72,203,72,204,73,204
4670	74,202,73,202,73,203,74,203
4673	66,204,65,204,65,205,66,205
4677	73,205,72,205,72,206,73,206
4683	74,202,73,202,73,203
4702	93,206,94,206,94,205,94,204,94,203,91,203,91,202,91,201,90,201,90,200,89,200,89,201,88,201,88,202,87,202,86,203,86,204,85,204,86,205,86,206,87,206,87,207,93,207
4703	86,200,88,200,88,199,89,199,89,198,89,197,88,198,87,198,87,199,84,199,84,200,85,200,85,201,86,201
4704	86,203,86,202,87,202,87,201,88,201,88,200,87,200,86,201,85,202,85,203,85,204,86,204
4705	88,201,89,201,88,200,89,200,89,199,88,199,88,200,87,201,88,202,89,202
4706	81,201,80,202,81,202
4708	87,199,86,199,86,200,87,200
4710	83,204,82,204,82,205,83,205
4715	86,199,85,199,86,200
4728	83,206,82,206,82,207,83,207
4734	86,203,85,203,86,204
4877	93,202,93,201,94,201,94,200,93,200,93,199,90,199,90,201,91,201,91,202,91,203,93,203
4878	95,200,95,199,94,199,94,198,92,198,92,199,93,199,93,200,94,200,94,201
4879	92,198,90,198,90,199,92,199
4880	90,199,90,198,91,198,91,197,90,197,90,198,89,198,89,199,89,200,90,200
4881	92,202,91,202,91,203,92,203
4882	93,204,93,203,92,203,92,204,92,205,93,205
4883	89,204,88,204,88,205
4883	90,203,89,203,89,204,90,204
4884	92,200,91,200,91,201,92,201
4886	93,201,92,201,92,202
4891	93,206,92,206,92,207,93,207
4892	91,202,90,202,90,203,91,203
4896	92,200,92,201,93,201
4938	93,199,92,199,92,200,93,200
5106	89,198,89,197,87,198,88,199,89,199
5201	92,197,91,196,90,196,89,197,91,198
5202	90,197,90,196,89,196,89,197,89,198,90,198
5203	92,197,92,196,91,196,91,197,91,198,92,198
5204	91,196,90,196,90,197,91,197
5205	90,196,89,196,89,197,90,197
5207	90,197,89,197,90,198
5210	90,198,89,198,89,199,90,199
5336	90,196,89,196,89,197
5396	91,196,91,197,92,197
5428	89,197,88,197,89,198
5504	93,197,94,197,93,196,93,197,92,197,92,198,93,198
5507	94,196,93,196,94,197
5509	93,195,92,195,92,196,93,196
5630	159,97,160,95,160,81,159,81,159,66,135,66,139,69,143,75,146,85,149,86,150,87,151,88,153,88,154,87,155,87,157,88,158,91,157,92,156,93,153,92,150,90,149,89,149,88,148,87,146,87,145,90,144,95,148,98,156,98
5630	150,120,157,116,165,113,174,105,177,101,178,100,180,99,183,95,184,93,188,86,186,85,185,89,182,89,183,92,182,93,180,93,177,98,173,103,160,95,172,103,164,109,144,118,144,114,134,113,117,122,110,123,100,124,99,126,102,128,112,128
5631	125,127,134,124,127,126,119,129
5656	201,168,201,163,197,161,193,163,193,168,197,170
5657	220,178,220,179,221,179
