3288	0,244,0,255,11,255
5697	119,224,117,221,116,219,115,218,112,212,110,208,106,204,103,198,97,187,95,180,92,175,91,171,86,163,85,163,84,165,83,166,83,167,85,167,86,168,87,169,87,171,85,172,83,174,87,177,89,178,91,177,92,178,93,178,93,179,93,180,93,181,94,181,93,183,94,184,94,185,96,187,96,188,97,190,97,192,97,194,96,195,97,195,99,196,99,197,100,199,102,199,102,200,103,201,103,202,104,202,104,203,105,203,106,204,106,205,107,206,108,207,108,208,109,209,109,210,110,213,112,214,112,215,112,217,113,219,114,220,115,222,117,223,117,225
5701	50,107,49,107,49,106,49,105,47,105,47,104,46,104,46,103,46,102,46,101,45,101,44,100,44,99,43,98,43,97,42,97,41,98,42,98,42,99,42,100,41,101,41,102,41,103,43,103,43,104,42,104,41,105,42,105,42,106,47,106,47,107,46,108,50,108
5703	128,238,127,238,128,239
5703	127,238,127,237,126,237,126,236,126,235,125,234,125,233,124,233,124,232,123,232,123,231,123,230,122,230,122,229,122,228,121,228,121,227,120,226,119,226,119,227,119,228,120,229,121,230,122,231,122,232,123,233,122,233,122,234,121,235,123,236,123,235,124,236,124,237,124,238,125,239,126,239
5703	120,228,119,227,120,227
5705	63,128,62,128,62,127,63,127,63,126,62,124,62,122,60,122,60,123,58,123,58,122,56,122,56,123,56,124,56,125,58,125,58,126,61,126,61,127,60,127,60,128,61,128,61,129,63,129
5706	23,66,22,66,22,67,23,67
5706	23,73,23,72,22,72,22,71,22,69,22,68,21,67,22,66,22,65,21,64,20,64,19,63,18,62,17,63,18,63,18,64,19,64,19,65,18,66,19,66,19,67,19,68,19,69,20,69,20,70,21,70,21,71,22,72,22,73,23,74,24,74
5708	74,146,73,146,73,145,74,144,75,144,75,143,74,143,74,142,74,141,73,141,73,140,73,139,73,138,72,137,72,138,72,139,72,140,71,140,71,141,71,142,71,143,72,144,72,145,72,146,72,147,74,147
5710	142,254,141,254,141,255,142,255
5711	33,89,34,88,33,88,32,89,32,88,32,87,31,87,31,86,32,86,32,85,31,85,31,86,30,86,31,85,29,85,29,86,29,87,28,87,28,86,27,86,28,87,28,88,27,88,28,89,29,89,29,90,33,90
5712	49,116,48,117,49,117
5712	47,116,46,116,46,115,45,115,45,116,44,116,44,117,47,117
5712	45,114,45,113,46,113,47,112,46,112,46,111,45,110,45,109,45,108,45,107,44,107,44,108,44,109,43,109,43,110,44,110,44,111,43,112,43,113,44,113,44,114,44,115,45,115
5717	68,138,69,138,69,137,68,137,68,136,69,136,69,135,68,135,68,134,67,134,67,133,66,133,66,134,67,134,66,135,66,136,66,137,66,138,65,138,65,139,68,139
5718	38,94,39,94,39,93,40,93,40,92,40,91,39,91,39,90,38,89,38,88,37,88,37,89,37,90,37,91,38,91,38,92,37,92,37,93,37,94,37,95,38,95
5718	38,87,37,87,37,86,36,86,36,87,35,88,37,88
5719	138,249,137,248,136,248,135,247,136,247,135,246,134,246,134,245,133,245,133,244,132,244,132,245,133,246,132,246,132,247,133,247,133,248,134,248,134,247,135,248,134,248,134,249,136,249,136,250,137,250
5719	132,243,132,242,131,242,131,243,131,244,132,244
5721	84,159,83,159,84,160
5721	83,158,83,157,83,156,82,155,82,154,82,153,82,152,81,152,81,153,81,154,81,155,81,156,82,157,82,158,83,159
5721	81,151,78,151,78,152,81,152
5723	117,228,117,227,116,227,116,226,115,226,115,225,115,224,114,224,114,225,114,226,113,226,113,227,115,227,115,228,116,228,116,229,117,229
5727	71,134,70,134,70,135,71,135
5727	70,133,70,132,70,131,66,131,66,132,68,132,68,133,69,133,69,134,70,134
5729	33,83,32,82,32,81,32,80,32,79,31,79,31,80,31,81,30,81,30,82,31,82,31,83,32,83,32,84,33,84
5730	6,54,6,53,5,53,5,52,4,52,3,51,3,52,4,53,4,54,5,54,5,55
5730	3,50,3,49,1,49,1,50,2,50,2,51,3,51
5730	2,48,1,48,1,49
5731	8,58,8,57,8,56,7,55,6,54,5,55,5,56,6,56,6,57,7,58,6,58,6,59
5732	57,117,56,117,56,116,56,115,55,115,55,116,55,117,55,118,57,118
5732	55,114,55,113,53,113,53,114,54,114,54,115,55,115
5734	52,112,52,113,53,113
5734	54,111,54,110,53,110,53,111,53,112,54,112
5734	52,111,53,110,51,110,51,111,51,112,52,112
5735	58,149,56,149,56,150,57,150
5735	57,148,58,148,58,147,57,148,56,148,55,149,56,149
5735	60,146,59,146,59,147,60,147
5736	59,121,60,121,59,120,59,119,57,119,57,120,58,121,58,122,59,122
5739	10,62,9,62,9,63
5739	9,61,9,60,8,60,8,61,8,62,9,62
5739	8,58,7,58,7,59,7,60,8,60
5740	86,173,87,173,87,172,88,171,86,171,86,172,85,172,85,173,85,174,86,174
5748	31,77,30,76,30,77,30,78,31,78
5748	30,74,29,74,29,75,30,75
5748	30,73,29,73,30,74
5749	65,132,63,132,63,133,65,133
5750	1,53,1,52,0,52,0,53,0,54,1,54
5752	28,80,28,79,27,79,27,80,27,81,28,81
5752	27,78,26,78,26,79,27,79
5755	36,103,36,102,36,101,35,102,35,103,36,104
5755	38,100,37,101,38,101
5756	129,240,128,240,128,241,129,241
5756	128,239,127,239,127,240,128,240
5760	56,119,54,119,54,120,56,120
5760	54,118,53,118,53,119,54,119
5762	51,117,49,117,49,118,51,118
5762	51,116,50,116,51,117
5764	21,65,21,64,20,64,20,65,20,66,21,66
5767	125,242,125,241,124,241,124,242,125,243
5769	13,65,12,65,12,66,14,66
5772	73,143,72,143,73,144
5772	72,142,72,143,72,143
5772	73,142,72,141,72,142
5773	87,174,86,174,89,175
5774	25,75,25,74,24,74,24,75,24,76,25,76
5776	61,150,60,150,60,151,61,151
5779	134,246,133,246,134,247
5786	133,254,132,254,132,255,133,255
5789	65,131,65,130,64,130,64,131,64,132,65,132
5790	33,83,32,83,32,84,33,84
5794	55,135,54,136,55,136
5798	130,240,129,240,129,241,130,241
