Size 3320x1935
Image 3.png
Scale 2
BrushColor c0c0c0
Spline 889,697, 914,685, 935,701, 956,722, 985,752, 995,769, 989,785, 1001,799, 1040,839, 1052,850, 1061,844, 1080,826, 1089,814, 1091,789, 1091,701, 1091,688, 1080,676, 1010,604, 834,420, 792,376, 793,360, 833,358, 935,358, 970,358, 986,363, 1009,373, 1016,380, 1012,390, 986,416, 976,423, 965,417, 938,394, 924,384, 909,380, 862,380, 849,386, 877,417, 1020,562, 1125,667, 1151,690, 1168,686, 1189,668, 1210,657, 1240,680, 1328,759, 1354,776, 1372,765, 1402,735, 1413,716, 1395,689, 1321,616, 1290,576, 1359,571, 1575,570, 1637,577, 1697,629, 1854,790, 1976,910, 2024,949, 2083,953, 2153,953, 2236,953, 2262,950, 2287,933, 2303,917, 2318,908, 2334,918, 2366,949, 2402,987, 2412,1002, 2403,1017, 2385,1046, 2376,1089, 2386,1138, 2420,1182, 2502,1265, 2586,1350, 2607,1376, 2598,1395, 2562,1430, 2537,1456, 2514,1471, 2483,1444, 2403,1364, 2298,1259, 2252,1217, 2194,1187, 2140,1180, 2056,1181, 1976,1181, 1922,1188, 1868,1223, 1838,1250, 1821,1263, 1802,1264, 1786,1266, 1785,1282, 1782,1300, 1757,1304, 1659,1304, 1633,1307, 1630,1326, 1630,1384, 1633,1395, 1651,1398, 1714,1397, 1735,1402, 1740,1422, 1733,1442, 1698,1447, 1571,1447, 1411,1446, 1374,1445, 1352,1427, 1312,1386, 1264,1354, 1206,1337, 1122,1334, 1063,1334, 1039,1334, 1025,1331, 1008,1318, 962,1272, 931,1241, 916,1218, 938,1188, 1025,1099, 1081,1042, 1091,1015, 1091,942, 1089,929, 1074,941, 1006,1010, 910,1106, 865,1152, 850,1164, 837,1157, 828,1144, 835,1132, 865,1102, 902,1064, 909,1048, 890,1029, 871,1038, 817,1094, 797,1110, 783,1103, 777,1087, 803,1058, 919,941, 991,868, 1011,847, 1009,835, 982,808, 972,802, 958,815, 908,866, 831,943, 805,963, 786,951, 760,925, 730,896, 718,875, 735,852, 811,776, 889,697
PenColor FFFFFF
BrushColor FFFFFF
Line 1118,945, 1148,976, 1117,1006, 1118,945 5
Line 1116,713, 1154,752, 1118,789, 1116,713 5
Line 1092,854, 1092,893, 1072,873, 1092,854 5
Spline 1224,835, 1250,861, 1269,879, 1277,881, 1279,903, 1279,990, 1276,1014, 1256,1019, 1222,1011, 1176,977, 1128,927, 1119,916, 1117,898, 1116,854, 1119,828, 1133,811, 1156,788, 1168,781, 1181,790, 1224,835
Spline 1370,961, 1344,987, 1319,1007, 1301,1012, 1300,985, 1300,888, 1302,860, 1315,841, 1331,828, 1348,841, 1402,896, 1414,912, 1405,926, 1370,961
Spline 1383,772, 1414,741, 1426,734, 1441,748, 1455,745, 1472,733, 1520,722, 1573,741, 1641,806, 1711,878, 1737,925, 1734,979, 1708,1021, 1695,1019, 1670,994, 1646,970, 1639,960, 1645,946, 1630,927, 1588,886, 1536,833, 1518,820, 1500,832, 1451,881, 1432,897, 1418,887, 1386,855, 1356,826, 1347,813, 1357,798, 1383,772
Spline 1610,1122, 1537,1195, 1524,1214, 1536,1232, 1566,1264, 1602,1300, 1610,1305, 1614,1315, 1614,1380, 1611,1395, 1594,1397, 1564,1387, 1538,1368, 1507,1336, 1472,1303, 1436,1259, 1424,1222, 1430,1185, 1450,1151, 1504,1095, 1576,1024, 1617,982, 1627,976, 1636,982, 1658,1005, 1680,1028, 1688,1038, 1681,1049, 1651,1080, 1610,1122
BrushColor c0c0c0
Spline 711,1428, 711,1476, 711,1530, 711,1568, 712,1594, 718,1602, 731,1604, 741,1604, 751,1604, 772,1602, 778,1592, 779,1567, 779,1522, 779,1473, 779,1423, 779,1410, 778,1389, 770,1382, 758,1380, 745,1380, 731,1380, 716,1382, 711,1390, 711,1411, 711,1428
Spline 1575,1743, 1445,1743, 1312,1743, 1273,1743, 1255,1742, 1242,1732, 1221,1714, 1199,1695, 1179,1677, 1170,1667, 1168,1652, 1168,1625, 1168,1610, 1163,1598, 1152,1592, 1130,1591, 1109,1592, 1098,1598, 1094,1610, 1090,1621, 1076,1626, 1051,1626, 1019,1626, 988,1626, 968,1621, 964,1603, 964,1578, 964,1546, 965,1529, 972,1512, 995,1505, 1038,1505, 1073,1505, 1103,1505, 1137,1505, 1162,1505, 1180,1505, 1197,1506, 1212,1518, 1230,1537, 1251,1559, 1272,1579, 1297,1601, 1320,1615, 1350,1626, 1380,1632, 1420,1632, 1471,1632, 1541,1632, 1655,1632, 1697,1632, 1731,1632, 1760,1632, 1780,1634, 1797,1647, 1820,1672, 1852,1704, 1866,1719, 1867,1734, 1852,1743, 1797,1744, 1706,1744, 1575,1743
Spline 2017,1510, 2038,1531, 2057,1551, 2064,1564, 2058,1577, 2041,1594, 2021,1615, 1999,1637, 1983,1652, 1969,1661, 1953,1651, 1936,1634, 1910,1608, 1882,1579, 1874,1564, 1882,1550, 1908,1523, 1932,1498, 1954,1476, 1967,1468, 1981,1474, 2001,1494, 2017,1510
Spline 2342,1650, 2350,1658, 2359,1668, 2363,1679, 2358,1689, 2350,1698, 2341,1707, 2332,1716, 2321,1726, 2311,1729, 2301,1726, 2290,1715, 2279,1704, 2265,1690, 2260,1678, 2264,1667, 2274,1656, 2283,1647, 2294,1636, 2302,1629, 2312,1626, 2323,1631, 2334,1642, 2342,1650
Spline 2445,1753, 2462,1771, 2467,1781, 2463,1793, 2447,1810, 2428,1828, 2415,1835, 2402,1828, 2386,1812, 2368,1793, 2364,1782, 2369,1771, 2385,1754, 2405,1735, 2415,1731, 2426,1735, 2445,1753
Spline 2068,672, 2078,682, 2088,693, 2092,704, 2089,714, 2078,725, 2065,738, 2054,749, 2044,754, 2033,750, 2022,739, 2014,731, 2003,720, 1997,713, 1994,704, 1998,694, 2009,683, 2018,675, 2026,667, 2034,659, 2042,654, 2051,656, 2060,664, 2068,672
Spline 2111,335, 2126,319, 2142,303, 2152,300, 2161,303, 2169,310, 2176,318, 2179,325, 2177,335, 2162,351, 2142,370, 2122,391, 2107,406, 2096,409, 2087,405, 2080,399, 2074,392, 2070,382, 2075,372, 2093,353, 2111,335
Spline 2069,202, 2181,202, 2226,202, 2241,203, 2245,213, 2246,228, 2245,245, 2241,254, 2226,256, 2181,256, 2069,256, 1951,256, 1912,255, 1898,252, 1895,243, 1894,227, 1895,214, 1899,205, 1912,202, 1956,202, 2069,202
Spline 2735,301, 2754,282, 2768,268, 2777,264, 2786,267, 2800,280, 2812,293, 2815,303, 2811,313, 2795,330, 2779,346, 2759,367, 2742,384, 2733,387, 2724,383, 2712,371, 2699,357, 2695,348, 2700,337, 2720,317, 2735,301
Spline 2816,464, 2865,413, 2887,392, 2899,387, 2910,392, 2926,408, 2943,426, 2948,436, 2943,447, 2925,466, 2895,496, 2877,514, 2866,519, 2855,515, 2838,498, 2832,494, 2828,496, 2825,499, 2823,503, 2825,507, 2826,516, 2821,526, 2801,547, 2778,570, 2766,575, 2757,571, 2749,564, 2743,557, 2740,548, 2744,537, 2763,517, 2791,489, 2816,464
Spline 2751,762, 2734,779, 2720,793, 2709,799, 2700,793, 2686,778, 2683,769, 2690,759, 2717,731, 2743,704, 2754,697, 2764,701, 2779,716, 2783,725, 2779,734, 2763,750, 2751,762
Spline 2792,893, 2811,913, 2816,925, 2809,936, 2788,958, 2767,979, 2755,985, 2742,978, 2719,954, 2691,925, 2684,912, 2691,900, 2713,877, 2733,857, 2745,852, 2757,858, 2775,876, 2792,893
Spline 2666,1170, 2683,1187, 2694,1198, 2698,1205, 2694,1212, 2685,1221, 2675,1231, 2669,1235, 2662,1230, 2647,1215, 2627,1194, 2610,1177, 2605,1170, 2609,1163, 2616,1155, 2626,1145, 2633,1141, 2641,1145, 2659,1163, 2666,1170
Spline 2206,417, 2234,389, 2247,383, 2258,390, 2283,414, 2329,461, 2355,486, 2360,500, 2353,512, 2328,537, 2293,573, 2280,585, 2266,587, 2236,587, 2212,585, 2195,570, 2178,553, 2141,515, 2131,499, 2141,483, 2176,447, 2206,417
Spline 2448,338, 2526,418, 2563,466, 2577,516, 2549,559, 2510,597, 2455,652, 2433,672, 2416,671, 2413,651, 2452,609, 2480,573, 2494,536, 2494,505, 2478,469, 2451,432, 2394,374, 2348,328, 2318,297, 2311,283, 2318,271, 2337,252, 2351,245, 2372,263, 2448,338
Spline 2998,746, 2943,802, 2908,837, 2883,862, 2857,888, 2843,896, 2830,889, 2814,873, 2792,850, 2777,835, 2773,821, 2782,809, 2810,780, 2845,745, 2875,714, 2900,688, 2921,667, 2952,637, 2966,631, 2978,638, 3000,661
Spline 3000,661, 3027,689, 3034,704, 3027,716, 3000,744
Spline 3217,394, 3217,314, 3217,230, 3222,207, 3235,201, 3248,200, 3263,201, 3275,207, 3279,229, 3279,307, 3279,392, 3279,491, 3279,588, 3276,613, 3261,619, 3245,620, 3231,619, 3219,612, 3217,590, 3217,492, 3217,394
Spline 3279,1288, 3279,1516, 3279,1728, 3272,1806, 3226,1825, 3164,1825, 3129,1804, 3124,1733, 3124,1550, 3124,1281, 3124,1093, 3124,955, 3128,923, 3152,891, 3186,853, 3227,814, 3262,799, 3278,842, 3279,991, 3279,1157, 3279,1288

