Size 3320x1935
Scale 2
Image 3.png
PenColor F08080
BrushColor F08080
Spline 1405,511, 1405,481, 1406,463, 1417,456, 1428,462, 1430,480, 1430,512, 1430,546, 1429,574, 1417,583, 1406,574, 1405,546, 1405,511
Spline 1430,512, 1430,480, 1431,463, 1442,457, 1453,463, 1454,479, 1454,512, 1454,547, 1452,575, 1441,583, 1431,574, 1430,546, 1430,512
Spline 1582,513, 1582,487, 1583,464, 1593,457, 1605,464, 1606,487, 1606,512, 1606,543, 1605,573, 1594,582, 1583,572, 1582,539, 1582,513
Spline 1606,512, 1606,487, 1607,464, 1618,457, 1630,463, 1631,486, 1631,512, 1631,543, 1630,572, 1619,582, 1608,573, 1606,543, 1606,512
Spline 1907,691, 1946,731, 1957,742, 1963,754, 1959,774, 1941,799, 1913,820, 1893,825, 1878,817, 1854,793, 1827,766, 1794,733, 1782,721, 1777,707, 1782,689, 1804,662, 1829,644, 1847,639, 1860,645, 1871,656, 1907,691
Spline 2000,617, 2016,634, 2038,658, 2037,671, 2023,674, 1997,650, 1983,635, 1964,616, 1946,596, 1948,582, 1961,580, 1980,597, 2000,617
Spline 1983,635, 1997,650, 2021,676, 2019,690, 2005,692, 1980,668, 1965,653, 1946,634, 1928,614, 1930,600, 1944,597, 1964,616, 1983,635
Spline 2218,656, 2218,611, 2219,583, 2230,575, 2241,582, 2243,609, 2243,653, 2243,687, 2241,719, 2230,727, 2219,719, 2218,681, 2218,656
