Size 2298x1622
Image 1

BrushColor C6C7CC
Polygon 623,168, 592,153, 460,153, 460,166, 674,388, 674,477, 646,505, 599,458, 611,446, 545,381, 405,520, 470,588, 590,468, 621,499, 447,674, 464,691, 530,625, 551,645, 485,711, 502,728, 676,553, 676,633, 544,765, 628,848, 759,848, 826,876, 877,928, 1136,928, 1136,895, 1058,895, 1058,829, 1167,829, 1167,798, 1195,798, 1274,738, 1432,738, 1510,769, 1691,950, 1760,881, 1606,726, 1597,638, 1621,613, 1550,542, 1503,578, 1355,578, 1316,558, 1066,305, 808,305, 912,405, 857,461, 758,364, 718,396, 493,167, 552,167, 589,204
Polygon 405,1040, 450,1040, 450,880, 405,880
Polygon 585,1056, 678,1056, 678,1032, 729,1032, 729,1084, 790,1140, 1242,1140, 1165,1061, 881,1061, 813,1036, 750,972, 585,972
Polygon 1300,1084, 1369,1013, 1300,945, 1233,1013
Polygon 1618,1207, 1656,1169, 1619,1131, 1581,1169
Polygon 1545,1132, 1584,1093, 1545,1054, 1506,1093
Polygon 2125,1199, 2234,1200, 2234,434, 2124,552
Polygon 1800,776, 1820,755, 1775,710, 1755,730
Polygon 1854,501, 1909,556, 1862,603, 1807,548
Polygon 1871,485, 2011,343, 2065,397, 1924,538
Polygon 1829,468, 1883,414, 1861,392, 1807,446
Polygon 1847,287, 1963,170, 2001,208, 1941,271, 1916,247, 1907,256, 1916,265, 1870,310
Polygon 2190,338, 2234,338, 2234,41, 2190,41
Polygon 1847,175, 1908,114, 1878,84, 1817,145
Polygon 1524,314, 1581,253, 1497,169, 1415,251, 1474,314
Polygon 1353,435, 1389,399, 1353,363, 1317,399
Polygon 1394,191, 1453,132, 1430,109, 1371,168
Polygon 1628,380, 1754,252, 1571,70, 1543,98, 1707,266, 1613,365
Polygon 1247,79, 1496,79, 1400,42, 1247,42
PenColor FFFFFF
AngleTextOut 45, ARIAL, 20, 453, 522, TRONCHETTO, 1
TextOut ARIAL, 40, 824, 1086, GIUDECCA, 1
AngleTextOut 320, ARIAL, 40, 2161, 820, LIDO, 1
TextOut ARIAL, 20, 1460, 238, MURANO, 1
AngleTextOut 45, ARIAL, 15, 1824, 143, TORCELLO, 1
AngleTextOut 45, ARIAL, 15, 1936, 240, BURANO, 1
AngleTextOut 45, ARIAL, 15, 1939, 462, S.ERASMO, 1
PenColor 000000
BrushColor FFFFFF
Polygon 1047,894, 1017,894, 884,764, 1056,592, 1102,638, 979,763, 1047,830
Polygon 1110,630, 1065,584, 1074,574, 978,477, 916,539, 854,476, 912,418, 927,433, 977,383, 1167,573
Polygon 908,548, 847,485, 821,511, 823,621, 848,609
Polygon 808,625, 808,523, 803,524, 728,451, 661,520, 758,615
BrushColor FFFFFF
Polygon 2059,907, 2133,907, 2133,1135, 2059,1135
Polygon 2106,1141, 2128,1141, 2128,1182, 2106,1182
Polygon 2069,793, 2139,793, 2139,775, 2069,775
Polygon 2069,717, 2139,717, 2139,699, 2069,700
Polygon 2194,323, 2194,238, 2172,238, 2172,323
Polygon 2194,235, 2152,235, 2152,216, 2194,216
Polygon 2142,116, 2194,116, 2194,96, 2142,96
Polygon 1899,178, 1912,166, 1949,203, 1936,216
Polygon 1892,171, 1905,158, 1875,129, 1863,141
Polygon 1844,244, 1857,231, 1886,261, 1874,274
Polygon 1289,705, 1313,705, 1314,939, 1289,939
Polygon 1379,705, 1402,705, 1401,908, 1379,908
Polygon 1151,403, 1210,343, 1305,438, 1246,498
Polygon 2142,1264, 2195,1264, 2195,1245, 2142,1245
Polygon 1570,1203, 1584,1217, 1614,1187, 1600,1173
Polygon 1508,1140, 1537,1111, 1523,1097, 1494,1126
Polygon 1283,970, 1295,958, 1220,883, 1208,895
Polygon 1120,1067, 1137,1067, 1137,936, 1120,936
Polygon 1049,936, 1067,936, 1067,1066, 1049,1066
Polygon 958,935, 975,935, 975,1066, 958,1066
Polygon 1004,1054, 1022,1054, 1022,921, 1004,921
Polygon 903,1056, 920,1056, 920,921, 903,921
Polygon 722,967, 739,967, 740,840, 722,840
Polygon 679,858, 696,858, 696,978, 679,978
Polygon 627,858, 644,858, 644,978, 627,978
Polygon 440,945, 478,945, 478,963, 440,963
Polygon 548,653, 522,627, 533,616, 559,642
Polygon 592,650, 605,637, 643,675, 630,688
Polygon 521,588, 534,575, 502,543, 489,556
Polygon 397,544, 410,557, 434,533, 421,520
Polygon 598,510, 610,498, 579,467, 567,479
Polygon 863,444, 848,429, 899,380, 913,394
Polygon 856,365, 869,378, 816,431, 803,418
Polygon 781,378, 795,392, 851,336, 837,322
Polygon 1152,903, 1171,903, 1171,803, 1152,803
Polygon 907,223, 925,223, 925,311, 907,311
Polygon 1032,222, 1051,222, 1051,311, 1032,311
Polygon 1343,479, 1357,493, 1299,551, 1285,537
Polygon 1273,325, 1286,312, 1351,377, 1338,390
Polygon 1370,516, 1388,516, 1388,586, 1370,586
Polygon 1472,515, 1491,515, 1491,584, 1472,584
Polygon 1728,709, 1740,721, 1665,796, 1653,784
Polygon 1703,810, 1716,823, 1787,752, 1774,739
Polygon 1532,1031, 1548,1047, 1674,920, 1658,904
Polygon 1453,952, 1439,938, 1564,812, 1578,826
Polygon 1126,817, 1144,817, 1144,892, 1126,892
Polygon 1092,836, 1109,836, 1109,902, 1092,902
Polygon 1063,887, 1081,887, 1081,821, 1063,821
Polygon 1284,70, 1351,70, 1351,101, 1284,101
Polygon 1462,190, 1422,150, 1409,163, 1449,203
Polygon 1506,163, 1520,177, 1577,119, 1563,104
Polygon 1584,154, 1597,167, 1539,225, 1526,212
Polygon 1568,226, 1581,239, 1637,182, 1624,169
Polygon 1560,287, 1574,273, 1644,343, 1630,357
Polygon 1486,416, 1506,416, 1506,305, 1486,305
Polygon 1455,265, 1455,288, 1324,288, 1324,265
Polygon 1792,505, 1804,493, 1838,527, 1826,539
Polygon 1854,479, 1866,467, 1842,443, 1830,455
Polygon 1863,445, 1875,433, 1903,461, 1891,473
Polygon 1957,550, 1969,538, 1942,510, 1930,522
Polygon 1909,400, 1921,388, 1948,415, 1936,427
Polygon 1954,355, 1966,343, 1993,370, 1981,382
Polygon 550,197, 563,210, 587,187, 574,174
Polygon 717,586, 734,603, 802,535, 785,518
Polygon 816,504, 834,486, 898,552, 880,570
Polygon 931,537, 948,520, 884,453, 867,470
Polygon 1036,434, 1049,447, 1004,493, 990,479
Polygon 1005,513, 1020,528, 1065,482, 1050,467
Polygon 1084,482, 1099,497, 1053,543, 1038,528
Polygon 1050,562, 1064,576, 1111,529, 1097,515
Polygon 1093,672, 1105,659, 1051,604, 1039,616
Polygon 992,646, 1005,633, 1052,680, 1039,693
Polygon 1024,741, 1037,728, 983,674, 970,687
Polygon 935,703, 947,691, 994,738, 982,750
Polygon 930,819, 942,831, 989,783, 977,771
Polygon 1009,783, 1022,796, 975,845, 962,832
Polygon 977,864, 989,876, 1036,828, 1024,816
