118	607
117	609
116	611
115	613
114	614
113	617
112	619
111	621
110	623
109	624
19	626
106	628
105	630
104	632
103	633
119	635

118	617
117	619
116	621
115	623
114	624
113	627
112	629
111	631
110	633
109	634
19	636
106	638
105	640
104	642
103	643
119	645

118	627
117	629
116	631
115	633
114	634
113	637
112	639
111	641
110	643
109	644
19	646
106	648
105	650
104	652
103	653
119	655

118	637
117	639
116	641
115	643
114	644
113	647
112	649
111	651
110	653
109	654
19	656
106	658
105	660
104	662
103	663
119	665

118	647
117	649
116	651
115	653
114	654
113	657
112	659
111	661
110	663
109	664
19	666
106	668
105	670
104	672
103	673
119	675

118	657
117	659
116	661
115	663
114	664
113	667
112	669
111	671
110	673
109	674
19	676
106	678
105	680
104	682
103	683
119	685

118	667
117	669
116	671
115	673
114	674
113	677
112	679
111	681
110	683
109	684
19	686
106	688
105	690
104	692
103	693
119	695

118	677
117	679
116	681
115	683
114	684
113	687
112	689
111	691
110	693
109	694
19	696
106	698
105	700
104	702
103	703
119	705

118	687
117	689
116	691
115	693
114	694
113	697
112	699
111	701
110	703
109	704
19	706
106	708
105	710
104	712
103	713
119	715

118	697
117	699
116	701
115	703
114	704
113	707
112	709
111	711
110	713
109	714
19	716
106	718
105	720
104	722
103	723
119	725

118	707
117	709
116	711
115	713
114	714
113	717
112	719
111	721
110	723
109	724
19	726
106	728
105	730
104	732
103	733
119	735

118	717
117	719
116	721
115	723
114	724
113	727
112	729
111	731
110	733
109	734
19	736
106	738
105	740
104	742
103	743
119	745

119	601
101	602
100	604
99	606
26	608
98	610
97	611
96	613

119	606
101	607
100	609
99	611
26	613
98	615
97	616
96	618

119	611
101	612
100	614
99	616
26	618
98	620
97	621
96	623

119	616
101	617
100	619
99	621
26	623
98	625
97	626
96	628

119	621
101	622
100	624
99	626
26	628
98	630
97	631
96	633

119	626
101	627
100	629
99	631
26	633
98	635
97	636
96	638

119	631
101	632
100	634
99	636
26	638
98	640
97	641
96	643

119	636
101	637
100	639
99	641
26	643
98	645
97	646
96	648

119	641
101	642
100	644
99	646
26	648
98	650
97	651
96	653

119	646
101	647
100	649
99	651
26	653
98	655
97	656
96	658

119	651
101	652
100	654
99	656
26	658
98	660
97	661
96	663

119	656
101	657
100	659
99	661
26	663
98	665
97	666
96	668

119	661
101	662
100	664
99	666
26	668
98	670
97	671
96	673

119	666
101	667
100	669
99	671
26	673
98	675
97	676
96	678

119	671
101	672
100	674
99	676
26	678
98	680
97	681
96	683

119	676
101	677
100	679
99	681
26	683
98	685
97	686
96	688

119	681
101	682
100	684
99	686
26	688
98	690
97	691
96	693

119	686
101	687
100	689
99	691
26	693
98	695
97	696
96	698

119	691
101	692
100	694
99	696
26	698
98	700
97	701
96	703

119	696
101	697
100	699
99	701
26	703
98	705
97	706
96	708

119	701
101	702
100	704
99	706
26	708
98	710
97	711
96	713

119	706
101	707
100	709
99	711
26	713
98	715
97	716
96	718

119	711
101	712
100	714
99	716
26	718
98	720
97	721
96	723

119	716
101	717
100	719
99	721
26	723
98	725
97	726
96	728

95	604
94	606
93	608
92	609
14	611
90	612
89	614
88	616
86	618
85	620
83	623
82	626
81	628
74	631

95	609
94	611
93	613
92	614
14	616
90	617
89	619
88	621
86	623
85	625
83	628
82	631
81	633
74	636

95	614
94	616
93	618
92	619
14	621
90	622
89	624
88	626
86	628
85	630
83	633
82	636
81	638
74	641

95	619
94	621
93	623
92	624
14	626
90	627
89	629
88	631
86	633
85	635
83	638
82	641
81	643
74	646

95	624
94	626
93	628
92	629
14	631
90	632
89	634
88	636
86	638
85	640
83	643
82	646
81	648
74	651

95	629
94	631
93	633
92	634
14	636
90	637
89	639
88	641
86	643
85	645
83	648
82	651
81	653
74	656

95	634
94	636
93	638
92	639
14	641
90	642
89	644
88	646
86	648
85	650
83	653
82	656
81	658
74	661

95	639
94	641
93	643
92	644
14	646
90	647
89	649
88	651
86	653
85	655
83	658
82	661
81	663
74	666

95	644
94	646
93	648
92	649
14	651
90	652
89	654
88	656
86	658
85	660
83	663
82	666
81	668
74	671

95	649
94	651
93	653
92	654
14	656
90	657
89	659
88	661
86	663
85	665
83	668
82	671
81	673
74	676

95	654
94	656
93	658
92	659
14	661
90	662
89	664
88	666
86	668
85	670
83	673
82	676
81	678
74	681

95	659
94	661
93	663
92	664
14	666
90	667
89	669
88	671
86	673
85	675
83	678
82	681
81	683
74	686

95	664
94	666
93	668
92	669
14	671
90	672
89	674
88	676
86	678
85	680
83	683
82	686
81	688
74	691

95	669
94	671
93	673
92	674
14	676
90	677
89	679
88	681
86	683
85	685
83	688
82	691
81	693
74	696

95	674
94	676
93	678
92	679
14	681
90	682
89	684
88	686
86	688
85	690
83	693
82	696
81	698
74	701

95	679
94	681
93	683
92	684
14	686
90	687
89	689
88	691
86	693
85	695
83	698
82	701
81	703
74	706

95	684
94	686
93	688
92	689
14	691
90	692
89	694
88	696
86	698
85	700
83	703
82	706
81	708
74	711

95	689
94	691
93	693
92	694
14	696
90	697
89	699
88	701
86	703
85	705
83	708
82	711
81	713
74	716

95	694
94	696
93	698
92	699
14	701
90	702
89	704
88	706
86	708
85	710
83	713
82	716
81	718
74	721

95	699
94	701
93	703
92	704
14	706
90	707
89	709
88	711
86	713
85	715
83	718
82	721
81	723
74	726

95	704
94	706
93	708
92	709
14	711
90	712
89	714
88	716
86	718
85	720
83	723
82	726
81	728
74	731

95	709
94	711
93	713
92	714
14	716
90	717
89	719
88	721
86	723
85	725
83	728
82	731
81	733
74	736

95	714
94	716
93	718
92	719
14	721
90	722
89	724
88	726
86	728
85	730
83	733
82	736
81	738
74	741

95	719
94	721
93	723
92	724
14	726
90	727
89	729
88	731
86	733
85	735
83	738
82	741
81	743
74	746

74	626
73	628
28	630
72	633

74	646
73	648
28	650
72	653

74	666
73	668
28	670
72	673

74	686
73	688
28	690
72	693

74	706
73	708
28	710
72	713

74	636
80	638
79	641
78	643
77	646
76	648
75	651

74	656
80	658
79	661
78	663
77	666
76	668
75	671

74	676
80	678
79	681
78	683
77	686
76	688
75	691

74	696
80	698
79	701
78	703
77	706
76	708
75	711

74	716
80	718
79	721
78	723
77	726
76	728
75	731

