118	847
117	849
116	851
115	853
114	854
113	857
112	859
111	861
110	863
109	864
19	866
106	868
105	870
104	872
103	873
119	875

119	841
101	842
100	844
99	846
26	848
98	850
97	851
96	853

119	846
101	847
100	849
99	851
26	853
98	855
97	856
96	858

119	851
101	852
100	854
99	856
26	858
98	860
97	861
96	863

119	856
101	857
100	859
99	861
26	863
98	865
97	866
96	868

119	861
101	862
100	864
99	866
26	868
98	870
97	871
96	873

119	866
101	867
100	869
99	871
26	873
98	875
97	876
96	878

119	871
101	872
100	874
99	876
26	878
98	880
97	881
96	883

119	876
101	877
100	879
99	881
26	883
98	885
97	886
96	888

119	881
101	882
100	884
99	886
26	888
98	890
97	891
96	893

95	844
94	846
93	848
92	849
14	851
90	852
89	854
88	856
86	858
85	860
83	863
82	866
81	868
74	871

95	849
94	851
93	853
92	854
14	856
90	857
89	859
88	861
86	863
85	865
83	868
82	871
81	873
74	876

95	854
94	856
93	858
92	859
14	861
90	862
89	864
88	866
86	868
85	870
83	873
82	876
81	878
74	881

95	859
94	861
93	863
92	864
14	866
90	867
89	869
88	871
86	873
85	875
83	878
82	881
81	883
74	886

95	864
94	866
93	868
92	869
14	871
90	872
89	874
88	876
86	878
85	880
83	883
82	886
81	888
74	891

95	869
94	871
93	873
92	874
14	876
90	877
89	879
88	881
86	883
85	885
83	888
82	891
81	893
74	896

95	874
94	876
93	878
92	879
14	881
90	882
89	884
88	886
86	888
85	890
83	893
82	896
81	898
74	901

95	879
94	881
93	883
92	884
14	886
90	887
89	889
88	891
86	893
85	895
83	898
82	901
81	903
74	906

95	884
94	886
93	888
92	889
14	891
90	892
89	894
88	896
86	898
85	900
83	903
82	906
81	908
74	911

95	889
94	891
93	893
92	894
14	896
90	897
89	899
88	901
86	903
85	905
83	908
82	911
81	913
74	916

95	894
94	896
93	898
92	899
14	901
90	902
89	904
88	906
86	908
85	910
83	913
82	916
81	918
74	921

74	866
73	868
28	870
72	873

74	886
73	888
28	890
72	893

74	906
73	908
28	910
72	913

74	856
80	858
79	861
78	863
77	866
76	868
75	871

74	876
80	878
79	881
78	883
77	886
76	888
75	891

74	896
80	898
79	901
78	903
77	906
76	908
75	911

74	916
80	918
79	921
78	923
77	926
76	928
75	931

95	899
94	901

118	857
117	859
116	861
115	863
114	864
113	867
112	869
111	871
110	873
109	874
19	876
106	878
105	880
104	882
103	883
119	885
101	887
100	889
99	891
26	893
98	895
97	896
96	898
93	903
92	904
14	906
90	907
89	909
88	911
86	913
85	915
83	918
82	921
81	923
74	926
73	928
28	930
72	933

111	876
110	878
109	879
19	881
106	883
105	885
104	887
103	888
119	890
101	892
100	894
99	896
26	898
98	900
97	901
96	903
95	904
94	906
93	908
92	909
14	911
90	912
89	914
88	916
86	918
85	920
83	923

118	867
117	869
116	871
115	873
114	874
113	877
112	879
111	881
110	883
109	884
19	886
106	888
105	890
104	892
103	893
119	895
101	897
100	899
99	901
26	903
98	905
97	906
96	908
95	909
94	911
93	913
92	914
14	916
90	917
89	919
88	921
86	923
85	925
83	928
82	931
81	933
74	936
80	938
79	941
78	943
77	946
76	948
75	951

111	886
110	888
109	889
19	891
106	893
105	895
104	897
103	898
119	900
101	902
100	904
99	906
26	908
98	910
97	911
96	913
95	914
94	916
93	918
92	919
14	921
90	922
89	924
88	926
86	928
85	930
83	933

19	891
106	893
105	895
104	897
103	898
119	900
101	902
100	904
99	906
26	908
98	910
97	911
96	913
95	914
94	916
93	918
92	919
14	921
90	922
89	924
88	926
86	928
85	930
83	933

118	877
117	879
116	881
115	883
114	884
113	887
112	889
111	891
110	893
109	894
19	896
106	898
105	900
104	902
103	903
119	905
101	907
100	909
99	911
26	913
98	915
97	916
96	918
95	919
94	921
93	923
92	924
14	926
90	927
89	929
88	931
86	933
85	935
83	938
82	941
81	943
74	946
73	948
28	950
72	953

115	888
114	889
113	892
112	894
111	896
110	898
109	899
19	901
106	903
105	905
104	907
103	908
119	910
101	912
100	914
99	916
26	918
98	920
97	921
96	923
95	924
94	926
93	928
92	929
14	931
90	932
89	934
88	936
86	938
85	940
83	943
82	946
81	948
74	951

118	887
117	889
116	891
115	893
114	894
113	897
112	899
111	901
110	903
109	904
19	906
106	908
105	910
104	912
103	913
119	915
101	917
100	919
99	921
26	923
98	925
97	926
96	928
95	929
94	931
93	933
92	934
14	936
90	937
89	939
88	941
86	943
85	945
83	948
82	951
81	953
74	956
80	958
79	961
78	963
77	966
76	968
75	971

115	898
114	899
113	902
112	904
111	906
110	908
109	909
19	911
106	913
105	915
104	917
103	918
119	920
101	922
100	924
99	926
26	928
98	930
97	931
96	933
95	934
94	936
93	938
92	939
14	941
90	942
89	944
88	946
86	948
85	950
83	953
82	956
81	958
74	961
73	963
28	965
72	968

118	897
117	899
116	901
115	903
114	904
113	907
112	909
111	911
110	913
109	914
19	916
106	918
105	920
104	922
103	923
119	925
101	927
100	929
99	931
26	933
98	935
97	936
96	938
95	939
94	941
93	943
92	944
14	946
90	947
89	949
88	951
86	953
85	955
83	958
82	961
81	963
74	966
80	968
79	971
78	973
77	976
76	978
75	981

115	908
114	909
113	912
112	914
111	916
110	918
109	919
19	921
106	923
105	925
104	927
103	928
119	930
101	932
100	934
99	936
26	938
98	940
97	941
96	943
95	944
94	946
93	948
92	949
14	951
90	952
89	954
88	956
86	958
85	960
83	963
82	966
81	968
74	971
73	973
28	975
72	978

118	907
117	909
116	911
115	913
114	914
113	917
112	919
111	921
110	923
109	924
19	926
106	928
105	930
104	932
103	933
119	935
101	937
100	939
99	941
26	943
98	945
97	946
96	948
95	949
94	951
93	953
92	954
14	956
90	957
89	959
88	961
86	963
85	965
83	968
82	971
81	973
74	976
80	978
79	981
78	983
77	986
76	988
75	991

115	918
114	919
113	922
112	924
111	926
110	928
109	929
19	931
106	933
105	935
104	937
103	938
119	940
101	942
100	944
99	946
26	948
98	950
97	951
96	953
95	954
94	956
93	958
92	959
14	961
90	962
89	964
88	966
86	968
85	970
83	973
82	976
81	978
74	981
73	983
28	985
72	988

118	917
117	919
116	921
115	923
114	924
113	927
112	929
111	931
110	933
109	934
19	936
106	938
105	940
104	942
103	943
119	945
101	947
100	949
99	951
26	953
98	955
97	956
96	958
95	959
94	961
93	963
92	964
14	966
90	967
89	969
88	971
86	973
85	975
83	978
82	981
81	983
74	986
80	988
79	991
78	993
77	996
76	998
75	1001

115	928
114	929
113	932
112	934
111	936
110	938
109	939
19	941
106	943
105	945
104	947
103	948
119	950
101	952
100	954
99	956
26	958
98	960
97	961
96	963
95	964
94	966
93	968
92	969
14	971
90	972
89	974
88	976
86	978
85	980
83	983
82	986
81	988
74	991
73	993
28	995
72	998

118	927
117	929
116	931
115	933
114	934
113	937
112	939
111	941
110	943
109	944
19	946
106	948
105	950
104	952
103	953
119	955
101	957
100	959
99	961
26	963
98	965
97	966
96	968
95	969
94	971
93	973
92	974
14	976
90	977
89	979
88	981
86	983
85	985
83	988
82	991
81	993
74	996
80	998
79	1001
78	1003
77	1006
76	1008
75	1011

118	932
117	934
116	936
115	938
114	939
113	942
112	944
111	946
110	948
109	949
19	951
106	953
105	955
104	957
103	958
119	960
101	962
100	964
99	966
26	968
98	970
97	971
96	973
95	974
94	976
93	978
92	979
14	981
90	982
89	984
88	986
86	988
85	990
83	993
82	996
81	998
74	1001
73	1003
28	1005
72	1008

118	937
117	939
116	941
115	943
114	944
113	947
112	949
111	951
110	953
109	954
19	956
106	958
105	960
104	962
103	963
119	965
101	967
100	969
99	971
26	973
98	975
97	976
96	978
95	979
94	981
93	983
92	984
14	986
90	987
89	989
88	991
86	993
85	995
83	998
82	1001
81	1003
74	1006
80	1008
79	1011
78	1013
77	1016
76	1018
75	1021

118	942
117	944
116	946
115	948
114	949
113	952
112	954
111	956
110	958
109	959
19	961
106	963
105	965
104	967
103	968
119	970
101	972
100	974
99	976
26	978
98	980
97	981
96	983
95	984
94	986
93	988
92	989
14	991
90	992
89	994
88	996
86	998
85	1000
83	1003
82	1006
81	1008
74	1011
73	1013
28	1015
72	1018

118	947
117	949
116	951
115	953
114	954
113	957
112	959
111	961
110	963
109	964
19	966
106	968
105	970
104	972
103	973
119	975

118	952
117	954
116	956
115	958
114	959
113	962
112	964
111	966
110	968
109	969
19	971
106	973
105	975
104	977
103	978
119	980

118	957
117	959
116	961
115	963
114	964
113	967
112	969
111	971
110	973
109	974
19	976
106	978
105	980
104	982
103	983
119	985

