55	961
54	963
53	965
52	968

55	966
61	968
60	971
59	973
58	976
57	978
56	981

55	971
54	973
53	975
52	978

55	976
61	978
60	981
59	983
58	986
57	988
56	991

55	981
54	983
53	985
52	988

55	986
61	988
60	991
59	993
58	996
57	998
56	1001

73	964
72	966
71	968
70	969
31	971
69	972
68	974
67	976
66	978
65	980
64	983
63	986
62	988
55	991

55	991
54	993
53	995
52	998

73	969
72	971
71	973
70	974
31	976
69	977
68	979
67	981
66	983
65	985
64	988
63	991
62	993
55	996

55	996
61	998
60	1001
59	1003
58	1006
57	1008
56	1011

96	961
79	962
78	964
77	966
42	968
76	970
75	971
74	973

73	974
72	976
71	978
70	979
31	981
69	982
68	984
67	986
66	988
65	990
64	993
63	996
62	998
55	1001

55	1001
54	1003
53	1005
52	1008

96	966
79	967
78	969
77	971
42	973
76	975
75	976
74	978

73	979
72	981
71	983
70	984
31	986
69	987
68	989
67	991
66	993
65	995
64	998
63	1001
62	1003
55	1006

55	1006
61	1008
60	1011
59	1013
58	1016
57	1018
56	1021

96	971
79	972
78	974
77	976
42	978
76	980
75	981
74	983

73	984
72	986
71	988
70	989
31	991
69	992
68	994
67	996
66	998
65	1000
64	1003
63	1006
62	1008
55	1011

55	1011
54	1013
53	1015
52	1018

95	962
94	964
93	966
92	968
91	969
90	972
89	974
88	976
87	978
86	979
36	981
84	983
83	985
82	987
81	988
96	990

95	967
94	969
93	971
92	973
91	974
90	977
89	979
88	981
87	983
86	984
36	986
84	988
83	990
82	992
81	993
96	995

95	972
94	974
93	976
92	978
91	979
90	982
89	984
88	986
87	988
86	989
36	991
84	993
83	995
82	997
81	998
96	1000

95	977
94	979
93	981
92	983
91	984
90	987
89	989
88	991
87	993
86	994
36	996
84	998
83	1000
82	1002
81	1003
96	1005

95	982
94	984
93	986
92	988
91	989
90	992
89	994
88	996
87	998
86	999
36	1001
84	1003
83	1005
82	1007
81	1008
96	1010

95	987
94	989
93	991
92	993
91	994
90	997
89	999
88	1001
87	1003
86	1004
36	1006
84	1008
83	1010
82	1012
81	1013
96	1015

95	992
94	994
93	996
92	998
91	999
90	1002
89	1004
88	1006
87	1008
86	1009
36	1011
84	1013
83	1015
82	1017
81	1018
96	1020

95	997
94	999
93	1001
92	1003
91	1004
90	1007
89	1009
88	1011
87	1013
86	1014
36	1016
84	1018
83	1020
82	1022
81	1023
96	1025

95	1002
94	1004
93	1006
92	1008
91	1009
90	1012
89	1014
88	1016
87	1018
86	1019
36	1021
84	1023
83	1025
82	1027
81	1028
96	1030

95	1007
94	1009
93	1011
92	1013
91	1014
90	1017
89	1019
88	1021
87	1023
86	1024
36	1026
84	1028
83	1030
82	1032
81	1033
96	1035

95	1012
94	1014
93	1016
92	1018
91	1019
90	1022
89	1024
88	1026
87	1028
86	1029
36	1031
84	1033
83	1035
82	1037
81	1038
96	1040

95	1017
94	1019
93	1021
92	1023
91	1024
90	1027
89	1029
88	1031
87	1033
86	1034
36	1036
84	1038
83	1040
82	1042
81	1043
96	1045

95	1022
94	1024
93	1026
92	1028
91	1029
90	1032
89	1034
88	1036
87	1038
86	1039
36	1041
84	1043
83	1045
82	1047
81	1048
96	1050

95	1027
94	1029
93	1031
92	1033
91	1034
90	1037
89	1039
88	1041
87	1043
86	1044
36	1046
84	1048
83	1050
82	1052
81	1053
96	1055

95	1032
94	1034
93	1036
92	1038
91	1039
90	1042
89	1044
88	1046
87	1048
86	1049
36	1051
84	1053
83	1055
82	1057
81	1058
96	1060

95	1037
94	1039
93	1041
92	1043
91	1044
90	1047
89	1049
88	1051
87	1053
86	1054
36	1056
84	1058
83	1060
82	1062
81	1063
96	1065

95	1042
94	1044
93	1046
92	1048
91	1049
90	1052
89	1054
88	1056
87	1058
86	1059
36	1061
84	1063
83	1065
82	1067
81	1068
96	1070

95	1047
94	1049
93	1051
92	1053
91	1054
90	1057
89	1059
88	1061
87	1063
86	1064
36	1066
84	1068
83	1070
82	1072
81	1073
96	1075

95	1052
94	1054
93	1056
92	1058
91	1059
90	1062
89	1064
88	1066
87	1068
86	1069
36	1071
84	1073
83	1075
82	1077
81	1078
96	1080

95	1057
94	1059
93	1061
92	1063
91	1064
90	1067
89	1069
88	1071
87	1073
86	1074
36	1076
84	1078
83	1080
82	1082
81	1083
96	1085

96	976
79	977
78	979
77	981
42	983
76	985
75	986
74	988

96	981
79	982
78	984
77	986
42	988
76	990
75	991
74	993

96	986
79	987
78	989
77	991
42	993
76	995
75	996
74	998

96	991
79	992
78	994
77	996
42	998
76	1000
75	1001
74	1003

96	996
79	997
78	999
77	1001
42	1003
76	1005
75	1006
74	1008

96	1001
79	1002
78	1004
77	1006
42	1008
76	1010
75	1011
74	1013

96	1006
79	1007
78	1009
77	1011
42	1013
76	1015
75	1016
74	1018

96	1011
79	1012
78	1014
77	1016
42	1018
76	1020
75	1021
74	1023

96	1016
79	1017
78	1019
77	1021
42	1023
76	1025
75	1026
74	1028

96	1021
79	1022
78	1024
77	1026
42	1028
76	1030
75	1031
74	1033

96	1026
79	1027
78	1029
77	1031
42	1033
76	1035
75	1036
74	1038

96	1031
79	1032
78	1034
77	1036
42	1038
76	1040
75	1041
74	1043

96	1036
79	1037
78	1039
77	1041
42	1043
76	1045
75	1046
74	1048

96	1041
79	1042
78	1044
77	1046
42	1048
76	1050
75	1051
74	1053

96	1046
79	1047
78	1049
77	1051
42	1053
76	1055
75	1056
74	1058

96	1051
79	1052
78	1054
77	1056
42	1058
76	1060
75	1061
74	1063

96	1056
79	1057
78	1059
77	1061
42	1063
76	1065
75	1066
74	1068

96	1061
79	1062
78	1064
77	1066
42	1068
76	1070
75	1071
74	1073

96	1066
79	1067
78	1069
77	1071
42	1073
76	1075
75	1076
74	1078

96	1071
79	1072
78	1074
77	1076
42	1078
76	1080
75	1081
74	1083

96	1076
79	1077
78	1079
77	1081
42	1083
76	1085
75	1086
74	1088

73	989
72	991
71	993
70	994
31	996
69	997
68	999
67	1001
66	1003
65	1005
64	1008
63	1011
62	1013
55	1016

73	994
72	996
71	998
70	999
31	1001
69	1002
68	1004
67	1006
66	1008
65	1010
64	1013
63	1016
62	1018
55	1021

73	999
72	1001
71	1003
70	1004
31	1006
69	1007
68	1009
67	1011
66	1013
65	1015
64	1018
63	1021
62	1023
55	1026

73	1004
72	1006
71	1008
70	1009
31	1011
69	1012
68	1014
67	1016
66	1018
65	1020
64	1023
63	1026
62	1028
55	1031

73	1009
72	1011
71	1013
70	1014
31	1016
69	1017
68	1019
67	1021
66	1023
65	1025
64	1028
63	1031
62	1033
55	1036

73	1014
72	1016
71	1018
70	1019
31	1021
69	1022
68	1024
67	1026
66	1028
65	1030
64	1033
63	1036
62	1038
55	1041

73	1019
72	1021
71	1023
70	1024
31	1026
69	1027
68	1029
67	1031
66	1033
65	1035
64	1038
63	1041
62	1043
55	1046

73	1024
72	1026
71	1028
70	1029
31	1031
69	1032
68	1034
67	1036
66	1038
65	1040
64	1043
63	1046
62	1048
55	1051

73	1029
72	1031
71	1033
70	1034
31	1036
69	1037
68	1039
67	1041
66	1043
65	1045
64	1048
63	1051
62	1053
55	1056

73	1034
72	1036
71	1038
70	1039
31	1041
69	1042
68	1044
67	1046
66	1048
65	1050
64	1053
63	1056
62	1058
55	1061

73	1039
72	1041
71	1043
70	1044
31	1046
69	1047
68	1049
67	1051
66	1053
65	1055
64	1058
63	1061
62	1063
55	1066

73	1044
72	1046
71	1048
70	1049
31	1051
69	1052
68	1054
67	1056
66	1058
65	1060
64	1063
63	1066
62	1068
55	1071

73	1049
72	1051
71	1053
70	1054
31	1056
69	1057
68	1059
67	1061
66	1063
65	1065
64	1068
63	1071
62	1073
55	1076

73	1054
72	1056
71	1058
70	1059
31	1061
69	1062
68	1064
67	1066
66	1068
65	1070
64	1073
63	1076
62	1078
55	1081

73	1059
72	1061
71	1063
70	1064
31	1066
69	1067
68	1069
67	1071
66	1073
65	1075
64	1078
63	1081
62	1083
55	1086

73	1064
72	1066
71	1068
70	1069
31	1071
69	1072
68	1074
67	1076
66	1078
65	1080
64	1083
63	1086
62	1088
55	1091

73	1069
72	1071
71	1073
70	1074
31	1076
69	1077
68	1079
67	1081
66	1083
65	1085
64	1088
63	1091
62	1093
55	1096

73	1074
72	1076
71	1078
70	1079
31	1081
69	1082
68	1084
67	1086
66	1088
65	1090
64	1093
63	1096
62	1098
55	1101

73	1079
72	1081
71	1083
70	1084
31	1086
69	1087
68	1089
67	1091
66	1093
65	1095
64	1098
63	1101
62	1103
55	1106

55	1021
54	1023
53	1025
52	1028

55	1031
54	1033
53	1035
52	1038

55	1041
54	1043
53	1045
52	1048

55	1051
54	1053
53	1055
52	1058

55	1061
54	1063
53	1065
52	1068

55	1071
54	1073
53	1075
52	1078

55	1016
61	1018
60	1021
59	1023
58	1026
57	1028
56	1031

55	1026
61	1028
60	1031
59	1033
58	1036
57	1038
56	1041

55	1036
61	1038
60	1041
59	1043
58	1046
57	1048
56	1051

55	1046
61	1048
60	1051
59	1053
58	1056
57	1058
56	1061

55	1056
61	1058
60	1061
59	1063
58	1066
57	1068
56	1071

55	1066
61	1068
60	1071
59	1073
58	1076
57	1078
56	1081

55	1076
61	1078
60	1081
59	1083
58	1086
57	1088
56	1091

95	1062
94	1064
93	1066
92	1068
91	1069
90	1072
89	1074
88	1076
87	1078
86	1079
36	1081
84	1083
83	1085
82	1087
81	1088
96	1090

95	1067
94	1069
93	1071
92	1073
91	1074
90	1077
89	1079
88	1081
87	1083
86	1084
36	1086
84	1088
83	1090
82	1092
81	1093
96	1095

95	1072
94	1074
93	1076
92	1078
91	1079
90	1082
89	1084
88	1086
87	1088
86	1089
36	1091
84	1093
83	1095
82	1097
81	1098
96	1100

95	1077
94	1079
93	1081
92	1083
91	1084
90	1087
89	1089
88	1091
87	1093
86	1094
36	1096
84	1098
83	1100
82	1102
81	1103
96	1105

