118	727
117	729
116	731
115	733
114	734
113	737
112	739
111	741
110	743
109	744
19	746
106	748
105	750
104	752
103	753
119	755

118	737
117	739
116	741
115	743
114	744
113	747
112	749
111	751
110	753
109	754
19	756
106	758
105	760
104	762
103	763
119	765

118	747
117	749
116	751
115	753
114	754
113	757
112	759
111	761
110	763
109	764
19	766
106	768
105	770
104	772
103	773
119	775

118	757
117	759
116	761
115	763
114	764
113	767
112	769
111	771
110	773
109	774
19	776
106	778
105	780
104	782
103	783
119	785

118	767
117	769
116	771
115	773
114	774
113	777
112	779
111	781
110	783
109	784
19	786
106	788
105	790
104	792
103	793
119	795

118	777
117	779
116	781
115	783
114	784
113	787
112	789
111	791
110	793
109	794
19	796
106	798
105	800
104	802
103	803
119	805

118	787
117	789
116	791
115	793
114	794
113	797
112	799
111	801
110	803
109	804
19	806
106	808
105	810
104	812
103	813
119	815

118	797
117	799
116	801
115	803
114	804
113	807
112	809
111	811
110	813
109	814
19	816
106	818
105	820
104	822
103	823
119	825

118	807
117	809
116	811
115	813
114	814
113	817
112	819
111	821
110	823
109	824
19	826
106	828
105	830
104	832
103	833
119	835

118	817
117	819
116	821
115	823
114	824
113	827
112	829
111	831
110	833
109	834
19	836
106	838
105	840
104	842
103	843
119	845

118	827
117	829
116	831
115	833
114	834
113	837
112	839
111	841
110	843
109	844
19	846
106	848
105	850
104	852
103	853
119	855

118	837
117	839
116	841
115	843
114	844
113	847
112	849
111	851
110	853
109	854
19	856
106	858
105	860
104	862
103	863
119	865

119	726
101	727
100	729
99	731
26	733
98	735
97	736
96	738

119	736
101	737
100	739
99	741
26	743
98	745
97	746
96	748

119	746
101	747
100	749
99	751
26	753
98	755
97	756
96	758

119	756
101	757
100	759
99	761
26	763
98	765
97	766
96	768

119	766
101	767
100	769
99	771
26	773
98	775
97	776
96	778

119	776
101	777
100	779
99	781
26	783
98	785
97	786
96	788

119	786
101	787
100	789
99	791
26	793
98	795
97	796
96	798

119	796
101	797
100	799
99	801
26	803
98	805
97	806
96	808

119	806
101	807
100	809
99	811
26	813
98	815
97	816
96	818

119	816
101	817
100	819
99	821
26	823
98	825
97	826
96	828

119	826
101	827
100	829
99	831
26	833
98	835
97	836
96	838

119	836
101	837
100	839
99	841
26	843
98	845
97	846
96	848

95	729
94	731
93	733
92	734
14	736
90	737
89	739
88	741
86	743
85	745
83	748
82	751
81	753
74	756

95	739
94	741
93	743
92	744
14	746
90	747
89	749
88	751
86	753
85	755
83	758
82	761
81	763
74	766

95	749
94	751
93	753
92	754
14	756
90	757
89	759
88	761
86	763
85	765
83	768
82	771
81	773
74	776

95	759
94	761
93	763
92	764
14	766
90	767
89	769
88	771
86	773
85	775
83	778
82	781
81	783
74	786

95	769
94	771
93	773
92	774
14	776
90	777
89	779
88	781
86	783
85	785
83	788
82	791
81	793
74	796

95	779
94	781
93	783
92	784
14	786
90	787
89	789
88	791
86	793
85	795
83	798
82	801
81	803
74	806

95	789
94	791
93	793
92	794
14	796
90	797
89	799
88	801
86	803
85	805
83	808
82	811
81	813
74	816

95	799
94	801
93	803
92	804
14	806
90	807
89	809
88	811
86	813
85	815
83	818
82	821
81	823
74	826

95	809
94	811
93	813
92	814
14	816
90	817
89	819
88	821
86	823
85	825
83	828
82	831
81	833
74	836

95	819
94	821
93	823
92	824
14	826
90	827
89	829
88	831
86	833
85	835
83	838
82	841
81	843
74	846

95	829
94	831
93	833
92	834
14	836
90	837
89	839
88	841
86	843
85	845
83	848
82	851
81	853
74	856

95	839
94	841
93	843
92	844
14	846
90	847
89	849
88	851
86	853
85	855
83	858
82	861
81	863
74	866

74	726
73	728
28	730
72	733

74	746
73	748
28	750
72	753

74	766
73	768
28	770
72	773

74	786
73	788
28	790
72	793

74	806
73	808
28	810
72	813

74	826
73	828
28	830
72	833

74	736
80	738
79	741
78	743
77	746
76	748
75	751

74	756
80	758
79	761
78	763
77	766
76	768
75	771

74	776
80	778
79	781
78	783
77	786
76	788
75	791

74	796
80	798
79	801
78	803
77	806
76	808
75	811

74	816
80	818
79	821
78	823
77	826
76	828
75	831

74	836
80	838
79	841
78	843
77	846
76	848
75	851

