75	722
76	723
77	726
78	728
79	731
80	734
74	737

75	742
76	743
77	746
78	748
79	751
80	754
74	757

75	762
76	763
77	766
78	768
79	771
80	774
74	777

75	782
76	783
77	786
78	788
79	791
80	794
74	797

75	802
76	803
77	806
78	808
79	811
80	814
74	817

75	822
76	823
77	826
78	828
79	831
80	834
74	837

72	720
28	722
73	724
74	727

72	740
28	742
73	744
74	747

72	760
28	762
73	764
74	767

72	780
28	782
73	784
74	787

72	800
28	802
73	804
74	807

72	820
28	822
73	824
74	827

74	727
81	729
82	732
83	735
85	737
86	740
88	741
89	743
90	745
14	746
92	748
93	750
94	751
95	752
96	755

74	737
81	739
82	742
83	745
85	747
86	750
88	751
89	753
90	755
14	756
92	758
93	760
94	761
95	762
96	765

74	747
81	749
82	752
83	755
85	757
86	760
88	761
89	763
90	765
14	766
92	768
93	770
94	771
95	772
96	775

74	757
81	759
82	762
83	765
85	767
86	770
88	771
89	773
90	775
14	776
92	778
93	780
94	781
95	782
96	785

74	767
81	769
82	772
83	775
85	777
86	780
88	781
89	783
90	785
14	786
92	788
93	790
94	791
95	792
96	795

74	777
81	779
82	782
83	785
85	787
86	790
88	791
89	793
90	795
14	796
92	798
93	800
94	801
95	802
96	805

74	787
81	789
82	792
83	795
85	797
86	800
88	801
89	803
90	805
14	806
92	808
93	810
94	811
95	812
96	815

74	797
81	799
82	802
83	805
85	807
86	810
88	811
89	813
90	815
14	816
92	818
93	820
94	821
95	822
96	825

74	807
81	809
82	812
83	815
85	817
86	820
88	821
89	823
90	825
14	826
92	828
93	830
94	831
95	832
96	835

74	817
81	819
82	822
83	825
85	827
86	830
88	831
89	833
90	835
14	836
92	838
93	840
94	841
95	842
96	845

74	827
81	829
82	832
83	835
85	837
86	840
88	841
89	843
90	845
14	846
92	848
93	850
94	851
95	852
96	855

74	837
81	839
82	842
83	845
85	847
86	850
88	851
89	853
90	855
14	856
92	858
93	860
94	861
95	862
96	865

97	721
98	722
26	724
99	725
100	728
101	730
102	732

97	726
98	727
26	729
99	730
100	733
101	735
102	737

97	731
98	732
26	734
99	735
100	738
101	740
102	742

97	736
98	737
26	739
99	740
100	743
101	745
102	747

97	741
98	742
26	744
99	745
100	748
101	750
102	752

97	746
98	747
26	749
99	750
100	753
101	755
102	757

97	751
98	752
26	754
99	755
100	758
101	760
102	762

97	756
98	757
26	759
99	760
100	763
101	765
102	767

97	761
98	762
26	764
99	765
100	768
101	770
102	772

97	766
98	767
26	769
99	770
100	773
101	775
102	777

97	771
98	772
26	774
99	775
100	778
101	780
102	782

97	776
98	777
26	779
99	780
100	783
101	785
102	787

97	781
98	782
26	784
99	785
100	788
101	790
102	792

97	786
98	787
26	789
99	790
100	793
101	795
102	797

97	791
98	792
26	794
99	795
100	798
101	800
102	802

97	796
98	797
26	799
99	800
100	803
101	805
102	807

97	801
98	802
26	804
99	805
100	808
101	810
102	812

97	806
98	807
26	809
99	810
100	813
101	815
102	817

97	811
98	812
26	814
99	815
100	818
101	820
102	822

97	816
98	817
26	819
99	820
100	823
101	825
102	827

97	821
98	822
26	824
99	825
100	828
101	830
102	832

97	826
98	827
26	829
99	830
100	833
101	835
102	837

97	831
98	832
26	834
99	835
100	838
101	840
102	842

97	836
98	837
26	839
99	840
100	843
101	845
102	847

103	723
104	725
105	727
106	728
107	731
109	732
110	734
111	736
112	737
113	739
114	742
115	744
116	746
117	748
118	750

103	728
104	730
105	732
106	733
107	736
109	737
110	739
111	741
112	742
113	744
114	747
115	749
116	751
117	753
118	755

103	733
104	735
105	737
106	738
107	741
109	742
110	744
111	746
112	747
113	749
114	752
115	754
116	756
117	758
118	760

103	738
104	740
105	742
106	743
107	746
109	747
110	749
111	751
112	752
113	754
114	757
115	759
116	761
117	763
118	765

103	743
104	745
105	747
106	748
107	751
109	752
110	754
111	756
112	757
113	759
114	762
115	764
116	766
117	768
118	770

103	748
104	750
105	752
106	753
107	756
109	757
110	759
111	761
112	762
113	764
114	767
115	769
116	771
117	773
118	775

103	753
104	755
105	757
106	758
107	761
109	762
110	764
111	766
112	767
113	769
114	772
115	774
116	776
117	778
118	780

103	758
104	760
105	762
106	763
107	766
109	767
110	769
111	771
112	772
113	774
114	777
115	779
116	781
117	783
118	785

103	763
104	765
105	767
106	768
107	771
109	772
110	774
111	776
112	777
113	779
114	782
115	784
116	786
117	788
118	790

103	768
104	770
105	772
106	773
107	776
109	777
110	779
111	781
112	782
113	784
114	787
115	789
116	791
117	793
118	795

103	773
104	775
105	777
106	778
107	781
109	782
110	784
111	786
112	787
113	789
114	792
115	794
116	796
117	798
118	800

103	778
104	780
105	782
106	783
107	786
109	787
110	789
111	791
112	792
113	794
114	797
115	799
116	801
117	803
118	805

103	783
104	785
105	787
106	788
107	791
109	792
110	794
111	796
112	797
113	799
114	802
115	804
116	806
117	808
118	810

103	788
104	790
105	792
106	793
107	796
109	797
110	799
111	801
112	802
113	804
114	807
115	809
116	811
117	813
118	815

103	793
104	795
105	797
106	798
107	801
109	802
110	804
111	806
112	807
113	809
114	812
115	814
116	816
117	818
118	820

103	798
104	800
105	802
106	803
107	806
109	807
110	809
111	811
112	812
113	814
114	817
115	819
116	821
117	823
118	825

103	803
104	805
105	807
106	808
107	811
109	812
110	814
111	816
112	817
113	819
114	822
115	824
116	826
117	828
118	830

103	808
104	810
105	812
106	813
107	816
109	817
110	819
111	821
112	822
113	824
114	827
115	829
116	831
117	833
118	835

103	813
104	815
105	817
106	818
107	821
109	822
110	824
111	826
112	827
113	829
114	832
115	834
116	836
117	838
118	840

103	818
104	820
105	822
106	823
107	826
109	827
110	829
111	831
112	832
113	834
114	837
115	839
116	841
117	843
118	845

103	823
104	825
105	827
106	828
107	831
109	832
110	834
111	836
112	837
113	839
114	842
115	844
116	846
117	848
118	850

103	828
104	830
105	832
106	833
107	836
109	837
110	839
111	841
112	842
113	844
114	847
115	849
116	851
117	853
118	855

103	833
104	835
105	837
106	838
107	841
109	842
110	844
111	846
112	847
113	849
114	852
115	854
116	856
117	858
118	860

103	838
104	840
105	842
106	843
107	846
109	847
110	849
111	851
112	852
113	854
114	857
115	859
116	861
117	863
118	865

