141	480
140	481
139	483
137	484
136	487
134	489
133	491
91	493
87	494
84	496
144	498
120	500
121	501
26	503
27	504
11	506

141	490
140	491
139	493
137	494
136	497
134	499
133	501
91	503
87	504
84	506
144	508
120	510
121	511
26	513
27	514
11	516

141	500
140	501
139	503
137	504
136	507
134	509
133	511
91	513
87	514
84	516
144	518
120	520
121	521
26	523
27	524
11	526

141	510
140	511
139	513
137	514
136	517
134	519
133	521
91	523
87	524
84	526
144	528
120	530
121	531
26	533
27	534
11	536

141	520
140	521
139	523
137	524
136	527
134	529
133	531
91	533
87	534
84	536
144	538
120	540
121	541
26	543
27	544
11	546

141	530
140	531
139	533
137	534
136	537
134	539
133	541
91	543
87	544
84	546
144	548
120	550
121	551
26	553
27	554
11	556

141	540
140	541
139	543
137	544
136	547
134	549
133	551
91	553
87	554
84	556
144	558
120	560
121	561
26	563
27	564
11	566

141	550
140	551
139	553
137	554
136	557
134	559
133	561
91	563
87	564
84	566
144	568
120	570
121	571
26	573
27	574
11	576

141	560
140	561
139	563
137	564
136	567
134	569
133	571
91	573
87	574
84	576
144	578
120	580
121	581
26	583
27	584
11	586

141	570
140	571
139	573
137	574
136	577
134	579
133	581
91	583
87	584
84	586
144	588
120	590
121	591
26	593
27	594
11	596

141	580
140	581
139	583
137	584
136	587
134	589
133	591
91	593
87	594
84	596
144	598
120	600
121	601
26	603
27	604
11	606

141	590
140	591
139	593
137	594
136	597
134	599
133	601
91	603
87	604
84	606
144	608
120	610
121	611
26	613
27	614
11	616

127	487
123	489
124	490
125	491
126	493
132	495
131	497
130	499
129	500
128	503

127	497
123	499
124	500
125	501
126	503
132	505
131	507
130	509
129	510
128	513

127	507
123	509
124	510
125	511
126	513
132	515
131	517
130	519
129	520
128	523

127	517
123	519
124	520
125	521
126	523
132	525
131	527
130	529
129	530
128	533

127	527
123	529
124	530
125	531
126	533
132	535
131	537
130	539
129	540
128	543

127	537
123	539
124	540
125	541
126	543
132	545
131	547
130	549
129	550
128	553

127	547
123	549
124	550
125	551
126	553
132	555
131	557
130	559
129	560
128	563

127	557
123	559
124	560
125	561
126	563
132	565
131	567
130	569
129	570
128	573

127	567
123	569
124	570
125	571
126	573
132	575
131	577
130	579
129	580
128	583

127	577
123	579
124	580
125	581
126	583
132	585
131	587
130	589
129	590
128	593

127	587
123	589
124	590
125	591
126	593
132	595
131	597
130	599
129	600
128	603

127	597
123	599
124	600
125	601
126	603
132	605
131	607
130	609
129	610
128	613

