141	480
140	481
139	483

141	490
140	491
139	493

141	500
140	501
139	503

141	510
140	511
139	513

141	520
140	521
139	523

137	484
136	487
134	489
133	491
91	493
87	494
84	496
144	498
120	500
121	501
26	503
27	504
11	506

137	489
136	492
134	494
133	496
91	498
87	499
84	501
144	503
120	505
121	506
26	508
27	509
11	511

137	494
136	497
134	499
133	501
91	503
87	504
84	506
144	508
120	510
121	511
26	513
27	514
11	516

137	499
136	502
134	504
133	506
91	508
87	509
84	511
144	513
120	515
121	516
26	518
27	519
11	521

137	504
136	507
134	509
133	511
91	513
87	514
84	516
144	518
120	520
121	521
26	523
27	524
11	526

137	509
136	512
134	514
133	516
91	518
87	519
84	521
144	523
120	525
121	526
26	528
27	529
11	531

137	514
136	517
134	519
133	521
91	523
87	524
84	526
144	528
120	530
121	531
26	533
27	534
11	536

137	519
136	522
134	524
133	526
91	528
87	529
84	531
144	533
120	535
121	536
26	538
27	539
11	541

137	524
136	527
134	529
133	531
91	533
87	534
84	536
144	538
120	540
121	541
26	543
27	544
11	546

137	529
136	532
134	534
133	536
91	538
87	539
84	541
144	543
120	545
121	546
26	548
27	549
11	551

127	482
123	484
124	485
125	486
126	488
132	490
131	492
130	494
129	495
128	498

127	487
123	489
124	490
125	491
126	493
132	495
131	497
130	499
129	500
128	503

127	492
123	494
124	495
125	496
126	498
132	500
131	502
130	504
129	505
128	508

127	497
123	499
124	500
125	501
126	503
132	505
131	507
130	509
129	510
128	513

127	502
123	504
124	505
125	506
126	508
132	510
131	512
130	514
129	515
128	518

127	507
123	509
124	510
125	511
126	513
132	515
131	517
130	519
129	520
128	523

127	512
123	514
124	515
125	516
126	518
132	520
131	522
130	524
129	525
128	528

127	517
123	519
124	520
125	521
126	523
132	525
131	527
130	529
129	530
128	533

127	522
123	524
124	525
125	526
126	528
132	530
131	532
130	534
129	535
128	538

127	527
123	529
124	530
125	531
126	533
132	535
131	537
130	539
129	540
128	543

127	532
123	534
124	535
125	536
126	538
132	540
131	542
130	544
129	545
128	548

127	537
123	539
124	540
125	541
126	543
132	545
131	547
130	549
129	550
128	553

127	542
123	544
124	545
125	546
126	548
132	550
131	552
130	554
129	555
128	558

127	547
123	549
124	550
125	551
126	553
132	555
131	557
130	559
129	560
128	563

127	552
123	554
124	555
125	556
126	558
132	560
131	562
130	564
129	565
128	568

141	530
140	531
139	533
137	534
136	537
134	539
133	541
91	543
87	544
84	546
144	548
120	550
121	551
26	553
27	554
11	556
127	557
123	559
124	560
125	561
126	563
132	565
131	567
130	569
129	570
128	573

141	540
140	541
139	543

141	550
140	551
139	553

141	560
140	561
139	563

141	570
140	571
139	573

141	580
140	581
139	583

141	590
140	591
139	593

137	539
136	542
134	544
133	546
91	548
87	549
84	551
144	553
120	555
121	556
26	558
27	559
11	561

137	544
136	547
134	549
133	551
91	553
87	554
84	556
144	558
120	560
121	561
26	563
27	564
11	566

137	549
136	552
134	554
133	556
91	558
87	559
84	561
144	563
120	565
121	566
26	568
27	569
11	571

137	554
136	557
134	559
133	561
91	563
87	564
84	566
144	568
120	570
121	571
26	573
27	574
11	576

137	559
136	562
134	564
133	566
91	568
87	569
84	571
144	573
120	575
121	576
26	578
27	579
11	581

137	564
136	567
134	569
133	571
91	573
87	574
84	576
144	578
120	580
121	581
26	583
27	584
11	586

137	569
136	572
134	574
133	576
91	578
87	579
84	581
144	583
120	585
121	586
26	588
27	589
11	591

137	574
136	577
134	579
133	581
91	583
87	584
84	586
144	588
120	590
121	591
26	593
27	594
11	596

137	579
136	582
134	584
133	586
91	588
87	589
84	591
144	593
120	595
121	596
26	598
27	599
11	601

137	584
136	587
134	589
133	591
91	593
87	594
84	596
144	598
120	600
121	601
26	603
27	604
11	606

137	589
136	592
134	594
133	596
91	598
87	599
84	601
144	603
120	605
121	606
26	608
27	609
11	611

137	594
136	597
134	599
133	601
91	603
87	604
84	606
144	608
120	610
121	611
26	613
27	614
11	616

137	599
136	602
134	604
133	606
91	608
87	609
84	611
144	613
120	615
121	616
26	618
27	619
11	621

127	562
123	564
124	565
125	566
126	568
132	570

127	567
123	569
124	570
125	571
126	573
132	575

127	572
123	574
124	575
125	576
126	578
132	580

127	577
123	579
124	580
125	581
126	583
132	585

127	582
123	584
124	585
125	586
126	588
132	590

127	587
123	589
124	590
125	591
126	593
132	595

127	592
123	594
124	595
125	596
126	598
132	600

127	597
123	599
124	600
125	601
126	603
132	605

131	577
130	579
129	580
128	583

131	587
130	589
129	590
128	593

131	597
130	599
129	600
128	603

