141	600
140	601
139	603
137	604
136	607
134	609
133	611
91	613
87	614
84	616
144	618
120	620
121	621
26	623
27	624
11	626

141	610
140	611
139	613
137	614
136	617
134	619
133	621
91	623
87	624
84	626
144	628
120	630
121	631
26	633
27	634
11	636

141	620
140	621
139	623
137	624
136	627
134	629
133	631
91	633
87	634
84	636
144	638
120	640
121	641
26	643
27	644
11	646

141	630
140	631
139	633
137	634
136	637
134	639
133	641
91	643
87	644
84	646
144	648
120	650
121	651
26	653
27	654
11	656

141	640
140	641
139	643
137	644
136	647
134	649
133	651
91	653
87	654
84	656
144	658
120	660
121	661
26	663
27	664
11	666

141	650
140	651
139	653
137	654
136	657
134	659
133	661
91	663
87	664
84	666
144	668
120	670
121	671
26	673
27	674
11	676

141	660
140	661
139	663
137	664
136	667
134	669
133	671
91	673
87	674
84	676
144	678
120	680
121	681
26	683
27	684
11	686

141	670
140	671
139	673
137	674
136	677
134	679
133	681
91	683
87	684
84	686
144	688
120	690
121	691
26	693
27	694
11	696

141	680
140	681
139	683
137	684
136	687
134	689
133	691
91	693
87	694
84	696
144	698
120	700
121	701
26	703
27	704
11	706

141	690
140	691
139	693
137	694
136	697
134	699
133	701
91	703
87	704
84	706
144	708
120	710
121	711
26	713
27	714
11	716

141	700
140	701
139	703
137	704
136	707
134	709
133	711
91	713
87	714
84	716
144	718
120	720
121	721
26	723
27	724
11	726

141	710
140	711
139	713
137	714
136	717
134	719
133	721
91	723
87	724
84	726
144	728
120	730
121	731
26	733
27	734
11	736

127	607
123	609
124	610
125	611
126	613
132	615
131	617
130	619
129	620
128	623

127	617
123	619
124	620
125	621
126	623
132	625
131	627
130	629
129	630
128	633

127	627
123	629
124	630
125	631
126	633
132	635
131	637
130	639
129	640
128	643

127	637
123	639
124	640
125	641
126	643
132	645
131	647
130	649
129	650
128	653

127	647
123	649
124	650
125	651
126	653
132	655
131	657
130	659
129	660
128	663

127	657
123	659
124	660
125	661
126	663
132	665
131	667
130	669
129	670
128	673

127	667
123	669
124	670
125	671
126	673
132	675
131	677
130	679
129	680
128	683

127	677
123	679
124	680
125	681
126	683
132	685
131	687
130	689
129	690
128	693

127	687
123	689
124	690
125	691
126	693
132	695
131	697
130	699
129	700
128	703

127	697
123	699
124	700
125	701
126	703
132	705
131	707
130	709
129	710
128	713

127	707
123	709
124	710
125	711
126	713
132	715
131	717
130	719
129	720
128	723

127	717
123	719
124	720
125	721
126	723
132	725
131	727
130	729
129	730
128	733

