128	259
129	261
130	263
131	265
132	266
126	268
125	270
124	272
123	273
11	275
122	277
26	279
121	281
120	282
108	284
84	286
87	287
91	288
133	290
134	292
136	294
137	297
139	298
140	300
141	302

131	275
132	276
126	278
125	280
124	282
123	283
11	285
122	287
26	289
121	291
120	292
108	294
84	296
87	297
91	298
133	300
134	302
136	304
137	307

128	279
129	281
130	283
131	285
132	286
126	288
125	290
124	292
123	293
11	295
122	297
26	299
121	301
120	302
108	304
84	306
87	307
91	308
133	310
134	312
136	314
137	317
139	318
140	320
141	322

131	295
132	296
126	298
125	300
124	302
123	303
11	305
122	307
26	309
121	311
120	312
108	314

128	299
129	301
130	303
131	305
132	306
126	308
125	310
124	312
123	313
11	315
122	317
26	319
121	321
120	322
108	324
84	326
87	327
91	328
133	330
134	332
136	334
137	337
139	338
140	340
141	342

128	309
129	311
130	313
131	315
132	316
126	318
125	320
124	322
123	323
11	325
122	327
26	329
121	331
120	332
108	334
84	336
87	337
91	338
133	340
134	342
136	344
137	347

128	319
129	321
130	323
131	325
132	326
126	328
125	330
124	332
123	333
11	335
122	337
26	339
121	341
120	342
108	344
84	346
87	347
91	348
133	350
134	352
136	354
137	357
139	358
140	360
141	362

128	329
129	331
130	333
131	335
132	336
126	338
125	340
124	342
123	343
11	345

128	339
129	341
130	343
131	345
132	346
126	348
125	350
124	352
123	353
11	355

11	346
122	347
26	349
121	351
120	352
108	354
84	356
87	357
91	358
133	360
134	362
136	364
137	367
139	368
140	370
141	372

11	356
122	357
26	359
121	361
120	362
108	364
84	366
87	367
91	368
133	370
134	372
136	374
137	377
139	378
140	380
141	382

128	349
129	351
130	353
131	355
132	356
126	358
125	360
124	362
123	363
11	365
122	367
26	369
121	371
120	372
108	374
84	376
87	377
91	378
133	380
134	382
136	384
137	387
139	388
140	390
141	392

128	359
129	361
130	363
131	365
132	366
126	368
125	370
124	372
123	373
11	375
122	377
26	379
121	381
120	382
108	384
84	386
87	387
91	388
133	390
134	392
136	394
137	397
139	398
140	400
141	402

