10	366
122	367
42	369
123	371
124	372
125	374
129	376
130	377
131	378
132	380
133	382
134	384
135	387
136	388
137	390
138	392

116	360
117	361
118	363
119	365
120	367
121	368
10	370

10	371
122	372
42	374
123	376
124	377
125	379
129	381
130	382
131	383
132	385
133	387
134	389
135	392

10	376
122	377
42	379
123	381
124	382
125	384
129	386
130	387
131	388
132	390
133	392
134	394
135	397
136	398
137	400
138	402

126	364
127	366
128	368
116	370
117	371
118	373
119	375
120	377
121	378
10	380

126	369
127	371
128	373
116	375
117	376
118	378
119	380
120	382
121	383
10	385

126	374
127	376
128	378
116	380
117	381
118	383
119	385
120	387
121	388
10	390

126	379
127	381
128	383
116	385
117	386
118	388
119	390
120	392
121	393
10	395

126	384
127	386
128	388
116	390
117	391
118	393
119	395
120	397
121	398
10	400

126	389
127	391
128	393
116	395
117	396
118	398
119	400
120	402
121	403
10	405

126	394
127	396
128	398
116	400
117	401
118	403
119	405
120	407
121	408
10	410

126	399
127	401
128	403
116	405
117	406
118	408
119	410
120	412
121	413
10	415

126	404
127	406
128	408
116	410
117	411
118	413
119	415
120	417
121	418
10	420

126	409
127	411
128	413
116	415
117	416
118	418
119	420
120	422
121	423
10	425

126	414
127	416
128	418
116	420
117	421
118	423
119	425
120	427
121	428
10	430

126	419
127	421
128	423
116	425
117	426
118	428
119	430
120	432
121	433
10	435

126	424
127	426
128	428
116	430
117	431
118	433
119	435
120	437
121	438
10	440

126	429
127	431
128	433
116	435
117	436
118	438
119	440
120	442
121	443
10	445

126	434
127	436
128	438
116	440
117	441
118	443
119	445
120	447
121	448
10	450

126	439
127	441
128	443
116	445
117	446
118	448
119	450
120	452
121	453
10	455

126	444
127	446
128	448
116	450
117	451
118	453
119	455
120	457
121	458
10	460

126	449
127	451
128	453
116	455
117	456
118	458
119	460
120	462
121	463
10	465

126	454
127	456
128	458
116	460
117	461
118	463
119	465
120	467
121	468
10	470

126	459
127	461
128	463
116	465
117	466
118	468
119	470
120	472
121	473
10	475

126	464
127	466
128	468
116	470
117	471
118	473
119	475
120	477
121	478
10	480

126	469
127	471
128	473
116	475
117	476
118	478
119	480
120	482
121	483
10	485

126	474
127	476
128	478
116	480
117	481
118	483
119	485
120	487
121	488
10	490

126	479
127	481
128	483
116	485
117	486
118	488
119	490
120	492
121	493
10	495

10	381
122	382
42	384
123	386
124	387
125	389
129	391
130	392
131	393
132	395
133	397
134	399
135	402

10	386
122	387
42	389
123	391
124	392
125	394
129	396
130	397
131	398
132	400
133	402
134	404
135	407

10	391
122	392
42	394
123	396
124	397
125	399
129	401
130	402
131	403
132	405
133	407
134	409
135	412

10	396
122	397
42	399
123	401
124	402
125	404
129	406
130	407
131	408
132	410
133	412
134	414
135	417

10	401
122	402
42	404
123	406
124	407
125	409
129	411
130	412
131	413
132	415
133	417
134	419
135	422

10	406
122	407
42	409
123	411
124	412
125	414
129	416
130	417
131	418
132	420
133	422
134	424
135	427

10	411
122	412
42	414
123	416
124	417
125	419
129	421
130	422
131	423
132	425
133	427
134	429
135	432

10	416
122	417
42	419
123	421
124	422
125	424
129	426
130	427
131	428
132	430
133	432
134	434
135	437

10	421
122	422
42	424
123	426
124	427
125	429
129	431
130	432
131	433
132	435
133	437
134	439
135	442

10	426
122	427
42	429
123	431
124	432
125	434
129	436
130	437
131	438
132	440
133	442
134	444
135	447

10	431
122	432
42	434
123	436
124	437
125	439
129	441
130	442
131	443
132	445
133	447
134	449
135	452

10	436
122	437
42	439
123	441
124	442
125	444
129	446
130	447
131	448
132	450
133	452
134	454
135	457

10	441
122	442
42	444
123	446
124	447
125	449
129	451
130	452
131	453
132	455
133	457
134	459
135	462

10	446
122	447
42	449
123	451
124	452
125	454
129	456
130	457
131	458
132	460
133	462
134	464
135	467

10	451
122	452
42	454
123	456
124	457
125	459
129	461
130	462
131	463
132	465
133	467
134	469
135	472

10	456
122	457
42	459
123	461
124	462
125	464
129	466
130	467
131	468
132	470
133	472
134	474
135	477

10	461
122	462
42	464
123	466
124	467
125	469
129	471
130	472
131	473
132	475
133	477
134	479
135	482

10	466
122	467
42	469
123	471
124	472
125	474
129	476
130	477
131	478
132	480
133	482
134	484
135	487

10	471
122	472
42	474
123	476
124	477
125	479
129	481
130	482
131	483
132	485
133	487
134	489
135	492

10	476
122	477
42	479
123	481
124	482
125	484
129	486
130	487
131	488
132	490
133	492
134	494
135	497

136	408
137	410
138	412

136	418
137	420
138	422

136	428
137	430
138	432

136	438
137	440
138	442

136	448
137	450
138	452

136	458
137	460
138	462

136	468
137	470
138	472

136	478
137	480
138	482

