128	849
129	851
130	853
131	855
132	856
126	858
125	860
124	862
123	863
11	865

128	859
129	861
130	863
131	865
132	866
126	868
125	870
124	872
123	873
11	875

128	869
129	871
130	873
131	875
132	876
126	878
125	880
124	882
123	883
11	885

128	879
129	881
130	883
131	885
132	886
126	888
125	890
124	892
123	893
11	895

128	889
129	891
130	893
131	895
132	896
126	898
125	900
124	902
123	903
11	905

128	899
129	901
130	903
131	905
132	906
126	908
125	910
124	912
123	913
11	915

128	909
129	911
130	913
131	915
132	916
126	918
125	920
124	922
123	923
11	925

128	919
129	921
130	923
131	925
132	926
126	928
125	930
124	932
123	933
11	935

128	929
129	931
130	933
131	935
132	936
126	938
125	940
124	942
123	943
11	945

128	939
129	941
130	943
131	945
132	946
126	948
125	950
124	952
123	953
11	955

128	949
129	951
130	953
131	955
132	956
126	958
125	960
124	962
123	963
11	965

128	959
129	961
130	963
131	965
132	966
126	968
125	970
124	972
123	973
11	975

11	846
122	847
26	849
121	851
120	852
108	854
84	856
87	857
91	858
133	860
134	862
136	864
137	867
139	868
140	870
141	872

11	856
122	857
26	859
121	861
120	862
108	864
84	866
87	867
91	868
133	870
134	872
136	874
137	877
139	878
140	880
141	882

11	866
122	867
26	869
121	871
120	872
108	874
84	876
87	877
91	878
133	880
134	882
136	884
137	887
139	888
140	890
141	892

11	876
122	877
26	879
121	881
120	882
108	884
84	886
87	887
91	888
133	890
134	892
136	894
137	897
139	898
140	900
141	902

11	886
122	887
26	889
121	891
120	892
108	894
84	896
87	897
91	898
133	900
134	902
136	904
137	907
139	908
140	910
141	912

11	896
122	897
26	899
121	901
120	902
108	904
84	906
87	907
91	908
133	910
134	912
136	914
137	917
139	918
140	920
141	922

11	906
122	907
26	909
121	911
120	912
108	914
84	916
87	917
91	918
133	920
134	922
136	924
137	927
139	928
140	930
141	932

11	916
122	917
26	919
121	921
120	922
108	924
84	926
87	927
91	928
133	930
134	932
136	934
137	937
139	938
140	940
141	942

11	926
122	927
26	929
121	931
120	932
108	934
84	936
87	937
91	938
133	940
134	942
136	944
137	947
139	948
140	950
141	952

11	936
122	937
26	939
121	941
120	942
108	944
84	946
87	947
91	948
133	950
134	952
136	954
137	957
139	958
140	960
141	962

11	946
122	947
26	949
121	951
120	952
108	954
84	956
87	957
91	958
133	960
134	962
136	964
137	967
139	968
140	970
141	972

11	956
122	957
26	959
121	961
120	962
108	964
84	966
87	967
91	968
133	970
134	972
136	974
137	977
139	978
140	980
141	982

