33	1203
155	1205
154	1207
153	1208
96	1210

33	1208
155	1210
154	1212
153	1213
96	1215

33	1213
155	1215
154	1217
153	1218
96	1220

33	1218
155	1220
154	1222
153	1223
96	1225

33	1223
155	1225
154	1227
153	1228
96	1230

33	1228
155	1230
154	1232
153	1233
96	1235

33	1233
155	1235
154	1237
153	1238
96	1240

33	1238
155	1240
154	1242
153	1243
96	1245

33	1243
155	1245
154	1247
153	1248
96	1250

33	1248
155	1250
154	1252
153	1253
96	1255

33	1253
155	1255
154	1257
153	1258
96	1260

33	1258
155	1260
154	1262
153	1263
96	1265

33	1263
155	1265
154	1267
153	1268
96	1270

33	1268
155	1270
154	1272
153	1273
96	1275

33	1273
155	1275
154	1277
153	1278
96	1280

33	1278
155	1280
154	1282
153	1283
96	1285

33	1283
155	1285
154	1287
153	1288
96	1290

33	1288
155	1290
154	1292
153	1293
96	1295

33	1293
155	1295
154	1297
153	1298
96	1300

33	1298
155	1300
154	1302
153	1303
96	1305

33	1303
155	1305
154	1307
153	1308
96	1310

33	1308
155	1310
154	1312
153	1313
96	1315

33	1313
155	1315
154	1317
153	1318
96	1320

33	1318
155	1320
154	1322
153	1323
96	1325

156	1201
152	1202
151	1204
125	1206
13	1207
150	1209
149	1210
44	1212
148	1213
147	1215
146	1217
145	1218
74	1220
10	1221

156	1206
152	1207
151	1209
125	1211
13	1212
150	1214
149	1215
44	1217
148	1218
147	1220
146	1222
145	1223
74	1225
10	1226

156	1211
152	1212
151	1214
125	1216
13	1217
150	1219
149	1220
44	1222
148	1223
147	1225
146	1227
145	1228
74	1230
10	1231

156	1216
152	1217
151	1219
125	1221
13	1222
150	1224
149	1225
44	1227
148	1228
147	1230
146	1232
145	1233
74	1235
10	1236

156	1221
152	1222
151	1224
125	1226
13	1227
150	1229
149	1230
44	1232
148	1233
147	1235
146	1237
145	1238
74	1240
10	1241

156	1226
152	1227
151	1229
125	1231
13	1232
150	1234
149	1235
44	1237
148	1238
147	1240
146	1242
145	1243
74	1245
10	1246

156	1231
152	1232
151	1234
125	1236
13	1237
150	1239
149	1240
44	1242
148	1243
147	1245
146	1247
145	1248
74	1250
10	1251

156	1236
152	1237
151	1239
125	1241
13	1242
150	1244
149	1245
44	1247
148	1248
147	1250
146	1252
145	1253
74	1255
10	1256

156	1241
152	1242
151	1244
125	1246
13	1247
150	1249
149	1250
44	1252
148	1253
147	1255
146	1257
145	1258
74	1260
10	1261

156	1246
152	1247
151	1249
125	1251
13	1252
150	1254
149	1255
44	1257
148	1258
147	1260
146	1262
145	1263
74	1265
10	1266

156	1251
152	1252
151	1254
125	1256
13	1257
150	1259
149	1260
44	1262
148	1263
147	1265
146	1267
145	1268
74	1270
10	1271

156	1256
152	1257
151	1259
125	1261
13	1262
150	1264
149	1265
44	1267
148	1268
147	1270
146	1272
145	1273
74	1275
10	1276

156	1261
152	1262
151	1264
125	1266
13	1267
150	1269
149	1270
44	1272
148	1273
147	1275
146	1277
145	1278
74	1280
10	1281

156	1266
152	1267
151	1269
125	1271
13	1272
150	1274
149	1275
44	1277
148	1278
147	1280
146	1282
145	1283
74	1285
10	1286

156	1271
152	1272
151	1274
125	1276
13	1277
150	1279
149	1280
44	1282
148	1283
147	1285
146	1287
145	1288
74	1290
10	1291

156	1276
152	1277
151	1279
125	1281
13	1282
150	1284
149	1285
44	1287
148	1288
147	1290
146	1292
145	1293
74	1295
10	1296

156	1281
152	1282
151	1284
125	1286
13	1287
150	1289
149	1290
44	1292
148	1293
147	1295
146	1297
145	1298
74	1300
10	1301

156	1286
152	1287
151	1289
125	1291
13	1292
150	1294
149	1295
44	1297
148	1298
147	1300
146	1302
145	1303
74	1305
10	1306

156	1291
152	1292
151	1294
125	1296
13	1297
150	1299
149	1300
44	1302
148	1303
147	1305
146	1307
145	1308
74	1310
10	1311

156	1296
152	1297
151	1299
125	1301
13	1302
150	1304
149	1305
44	1307
148	1308
147	1310
146	1312
145	1313
74	1315
10	1316

156	1301
152	1302
151	1304
125	1306
13	1307
150	1309
149	1310
44	1312
148	1313
147	1315
146	1317
145	1318
74	1320
10	1321

156	1306
152	1307
151	1309
125	1311
13	1312
150	1314
149	1315
44	1317
148	1318
147	1320
146	1322
145	1323
74	1325
10	1326

156	1311
152	1312
151	1314
125	1316
13	1317
150	1319
149	1320
44	1322
148	1323
147	1325
146	1327
145	1328
74	1330
10	1331

156	1316
152	1317
151	1319
125	1321
13	1322
150	1324
149	1325
44	1327
148	1328
147	1330
146	1332
145	1333
74	1335
10	1336

10	1202
72	1203
144	1204
143	1206
142	1208
141	1209
33	1212

10	1207
72	1208
144	1209
143	1211
142	1213
141	1214
33	1217

10	1212
72	1213
144	1214
143	1216
142	1218
141	1219
33	1222

10	1217
72	1218
144	1219
143	1221
142	1223
141	1224
33	1227

10	1222
72	1223
144	1224
143	1226
142	1228
141	1229
33	1232

10	1227
72	1228
144	1229
143	1231
142	1233
141	1234
33	1237

10	1232
72	1233
144	1234
143	1236
142	1238
141	1239
33	1242

10	1237
72	1238
144	1239
143	1241
142	1243
141	1244
33	1247

10	1242
72	1243
144	1244
143	1246
142	1248
141	1249
33	1252

10	1247
72	1248
144	1249
143	1251
142	1253
141	1254
33	1257

10	1252
72	1253
144	1254
143	1256
142	1258
141	1259
33	1262

10	1257
72	1258
144	1259
143	1261
142	1263
141	1264
33	1267

10	1262
72	1263
144	1264
143	1266
142	1268
141	1269
33	1272

10	1267
72	1268
144	1269
143	1271
142	1273
141	1274
33	1277

10	1272
72	1273
144	1274
143	1276
142	1278
141	1279
33	1282

10	1277
72	1278
144	1279
143	1281
142	1283
141	1284
33	1287

10	1282
72	1283
144	1284
143	1286
142	1288
141	1289
33	1292

10	1287
72	1288
144	1289
143	1291
142	1293
141	1294
33	1297

10	1292
72	1293
144	1294
143	1296
142	1298
141	1299
33	1302

10	1297
72	1298
144	1299
143	1301
142	1303
141	1304
33	1307

10	1302
72	1303
144	1304
143	1306
142	1308
141	1309
33	1312

10	1307
72	1308
144	1309
143	1311
142	1313
141	1314
33	1317

10	1312
72	1313
144	1314
143	1316
142	1318
141	1319
33	1322

10	1317
72	1318
144	1319
143	1321
142	1323
141	1324
33	1327

140	1209
66	1212

140	1219
66	1222

140	1229
66	1232

140	1239
66	1242

140	1249
66	1252

140	1259
66	1262

140	1269
66	1272

140	1279
66	1282

140	1289
66	1292

140	1299
66	1302

140	1309
66	1312

140	1319
66	1322

