33	963
155	965
154	967
153	968
96	970

33	968
155	970
154	972
153	973
96	975

33	973
155	975
154	977
153	978
96	980

33	978
155	980
154	982
153	983
96	985

33	983
155	985
154	987
153	988
96	990

33	988
155	990
154	992
153	993
96	995

33	993
155	995
154	997
153	998
96	1000

33	998
155	1000
154	1002
153	1003
96	1005

33	1003
155	1005
154	1007
153	1008
96	1010

33	1008
155	1010
154	1012
153	1013
96	1015

33	1013
155	1015
154	1017
153	1018
96	1020

33	1018
155	1020
154	1022
153	1023
96	1025

33	1023
155	1025
154	1027
153	1028
96	1030

33	1028
155	1030
154	1032
153	1033
96	1035

33	1033
155	1035
154	1037
153	1038
96	1040

33	1038
155	1040
154	1042
153	1043
96	1045

33	1043
155	1045
154	1047
153	1048
96	1050

156	961
152	962
151	964
125	966
13	967
150	969
149	970
44	972
148	973
147	975
146	977
145	978
74	980
10	981

156	966
152	967
151	969
125	971
13	972
150	974
149	975
44	977
148	978
147	980
146	982
145	983
74	985
10	986

156	971
152	972
151	974
125	976
13	977
150	979
149	980
44	982
148	983
147	985
146	987
145	988
74	990
10	991

156	976
152	977
151	979
125	981
13	982
150	984
149	985
44	987
148	988
147	990
146	992
145	993
74	995
10	996

156	981
152	982
151	984
125	986
13	987
150	989
149	990
44	992
148	993
147	995
146	997
145	998
74	1000
10	1001

156	986
152	987
151	989
125	991
13	992
150	994
149	995
44	997
148	998
147	1000
146	1002
145	1003
74	1005
10	1006

156	991
152	992
151	994
125	996
13	997
150	999
149	1000
44	1002
148	1003
147	1005
146	1007
145	1008
74	1010
10	1011

156	996
152	997
151	999
125	1001
13	1002
150	1004
149	1005
44	1007
148	1008
147	1010
146	1012
145	1013
74	1015
10	1016

156	1001
152	1002
151	1004
125	1006
13	1007
150	1009
149	1010
44	1012
148	1013
147	1015
146	1017
145	1018
74	1020
10	1021

156	1006
152	1007
151	1009
125	1011
13	1012
150	1014
149	1015
44	1017
148	1018
147	1020
146	1022
145	1023
74	1025
10	1026

156	1011
152	1012
151	1014
125	1016
13	1017
150	1019
149	1020
44	1022
148	1023
147	1025
146	1027
145	1028
74	1030
10	1031

156	1016
152	1017
151	1019
125	1021
13	1022
150	1024
149	1025
44	1027
148	1028
147	1030
146	1032
145	1033
74	1035
10	1036

156	1021
152	1022
151	1024
125	1026
13	1027
150	1029
149	1030
44	1032
148	1033
147	1035
146	1037
145	1038
74	1040
10	1041

156	1026
152	1027
151	1029
125	1031
13	1032
150	1034
149	1035
44	1037
148	1038
147	1040
146	1042
145	1043
74	1045
10	1046

156	1031
152	1032
151	1034
125	1036
13	1037
150	1039
149	1040
44	1042
148	1043
147	1045
146	1047
145	1048
74	1050
10	1051

156	1036
152	1037
151	1039
125	1041
13	1042
150	1044
149	1045
44	1047
148	1048
147	1050
146	1052
145	1053
74	1055
10	1056

156	1041
152	1042
151	1044
125	1046
13	1047
150	1049
149	1050
44	1052
148	1053
147	1055
146	1057
145	1058
74	1060
10	1061

156	1046
152	1047
151	1049
125	1051
13	1052
150	1054
149	1055
44	1057
148	1058
147	1060
146	1062
145	1063
74	1065
10	1066

156	1051
152	1052
151	1054
125	1056
13	1057
150	1059
149	1060
44	1062
148	1063
147	1065
146	1067
145	1068
74	1070
10	1071

10	962
72	963
144	964
143	966
142	968
141	969
33	972

10	967
72	968
144	969
143	971
142	973
141	974
33	977

10	972
72	973
144	974
143	976
142	978
141	979
33	982

10	977
72	978
144	979
143	981
142	983
141	984
33	987

10	982
72	983
144	984
143	986
142	988
141	989
33	992

10	987
72	988
144	989
143	991
142	993
141	994
33	997

10	992
72	993
144	994
143	996
142	998
141	999
33	1002

10	997
72	998
144	999
143	1001
142	1003
141	1004
33	1007

10	1002
72	1003
144	1004
143	1006
142	1008
141	1009
33	1012

10	1007
72	1008
144	1009
143	1011
142	1013
141	1014
33	1017

10	1012
72	1013
144	1014
143	1016
142	1018
141	1019
33	1022

10	1017
72	1018
144	1019
143	1021
142	1023
141	1024
33	1027

10	1022
72	1023
144	1024
143	1026
142	1028
141	1029
33	1032

10	1027
72	1028
144	1029
143	1031
142	1033
141	1034
33	1037

10	1032
72	1033
144	1034
143	1036
142	1038
141	1039
33	1042

10	1037
72	1038
144	1039
143	1041
142	1043
141	1044
33	1047

10	1042
72	1043
144	1044
143	1046
142	1048
141	1049
33	1052

10	1047
72	1048
144	1049
143	1051
142	1053
141	1054
33	1057

10	1052
72	1053
144	1054
143	1056
142	1058
141	1059
33	1062

10	1057
72	1058
144	1059
143	1061
142	1063
141	1064
33	1067

10	1062
72	1063
144	1064
143	1066
142	1068
141	1069
33	1072

10	1067
72	1068
144	1069
143	1071
142	1073
141	1074
33	1077

10	1072
72	1073
144	1074
143	1076
142	1078
141	1079
33	1082

140	969
66	972

140	979
66	982

140	989
66	992

140	999
66	1002

140	1009
66	1012

140	1019
66	1022

140	1029
66	1032

140	1039
66	1042

140	1049
66	1052

140	1059
66	1062

140	1069
66	1072

140	1079
66	1082

33	1048
155	1050
154	1052
153	1053
96	1055

156	1056
152	1057
151	1059
125	1061
13	1062
150	1064
149	1065
44	1067
148	1068
147	1070
146	1072
145	1073
74	1075
10	1076

10	1077
72	1078
144	1079
143	1081
142	1083
141	1084
33	1087
140	1089
66	1092

33	1058
155	1060
154	1062
153	1063
96	1065

33	1068
155	1070
154	1072
153	1073
96	1075

33	1078
155	1080
154	1082
153	1083
96	1085

156	1066
152	1067
151	1069
125	1071
13	1072
150	1074
149	1075
44	1077
148	1078
147	1080
146	1082
145	1083
74	1085
10	1086

156	1076
152	1077
151	1079
125	1081
13	1082
150	1084
149	1085
44	1087
148	1088
147	1090
146	1092
145	1093
74	1095
10	1096

