16	1088
157	1090
156	1092
155	1093
119	1095

16	1098
157	1100
156	1102
155	1103
119	1105

16	1108
157	1110
156	1112
155	1113
119	1115

16	1118
157	1120
156	1122
155	1123
119	1125

16	1128
157	1130
156	1132
155	1133
119	1135

16	1138
157	1140
156	1142
155	1143
119	1145

16	1148
157	1150
156	1152
155	1153
119	1155

16	1158
157	1160
156	1162
155	1163
119	1165

16	1168
157	1170
156	1172
155	1173
119	1175

16	1178
157	1180
156	1182
155	1183
119	1185

16	1188
157	1190
156	1192
155	1193
119	1195

16	1198
157	1200
156	1202
155	1203
119	1205

158	1086
154	1087
153	1089
108	1091
8	1092
151	1094
150	1095
20	1097
149	1098
148	1100
147	1102
146	1103
96	1105
11	1106

158	1096
154	1097
153	1099
108	1101
8	1102
151	1104
150	1105
20	1107
149	1108
148	1110
147	1112
146	1113
96	1115
11	1116

158	1106
154	1107
153	1109
108	1111
8	1112
151	1114
150	1115
20	1117
149	1118
148	1120
147	1122
146	1123
96	1125
11	1126

158	1116
154	1117
153	1119
108	1121
8	1122
151	1124
150	1125
20	1127
149	1128
148	1130
147	1132
146	1133
96	1135
11	1136

158	1126
154	1127
153	1129
108	1131
8	1132
151	1134
150	1135
20	1137
149	1138
148	1140
147	1142
146	1143
96	1145
11	1146

158	1136
154	1137
153	1139
108	1141
8	1142
151	1144
150	1145
20	1147
149	1148
148	1150
147	1152
146	1153
96	1155
11	1156

158	1146
154	1147
153	1149
108	1151
8	1152
151	1154
150	1155
20	1157
149	1158
148	1160
147	1162
146	1163
96	1165
11	1166

158	1156
154	1157
153	1159
108	1161
8	1162
151	1164
150	1165
20	1167
149	1168
148	1170
147	1172
146	1173
96	1175
11	1176

158	1166
154	1167
153	1169
108	1171
8	1172
151	1174
150	1175
20	1177
149	1178
148	1180
147	1182
146	1183
96	1185
11	1186

158	1176
154	1177
153	1179
108	1181
8	1182
151	1184
150	1185
20	1187
149	1188
148	1190
147	1192
146	1193
96	1195
11	1196

158	1186
154	1187
153	1189
108	1191
8	1192
151	1194
150	1195
20	1197
149	1198
148	1200
147	1202
146	1203
96	1205
11	1206

158	1196
154	1197
153	1199
108	1201
8	1202
151	1204
150	1205
20	1207
149	1208
148	1210
147	1212
146	1213
96	1215
11	1216

11	1087
94	1088
138	1089
145	1091
135	1093
142	1094
16	1097
143	1099
86	1102

11	1097
94	1098
138	1099
145	1101
135	1103
142	1104
16	1107
143	1109
86	1112

11	1107
94	1108
138	1109
145	1111
135	1113
142	1114
16	1117
143	1119
86	1122

11	1117
94	1118
138	1119
145	1121
135	1123
142	1124
16	1127
143	1129
86	1132

11	1127
94	1128
138	1129
145	1131
135	1133
142	1134
16	1137
143	1139
86	1142

11	1137
94	1138
138	1139
145	1141
135	1143
142	1144
16	1147
143	1149
86	1152

11	1147
94	1148
138	1149
145	1151
135	1153
142	1154
16	1157
143	1159
86	1162

11	1157
94	1158
138	1159
145	1161
135	1163
142	1164
16	1167
143	1169
86	1172

11	1167
94	1168
138	1169
145	1171
135	1173
142	1174
16	1177
143	1179
86	1182

11	1177
94	1178
138	1179
145	1181
135	1183
142	1184
16	1187
143	1189
86	1192

11	1187
94	1188
138	1189
145	1191
135	1193
142	1194
16	1197
143	1199
86	1202

11	1197
94	1198
138	1199
145	1201
135	1203
142	1204
16	1207
143	1209
86	1212

