16	1083
157	1085
156	1087
155	1088
119	1090

16	1088
157	1090
156	1092
155	1093
119	1095

16	1093
157	1095
156	1097
155	1098
119	1100

16	1098
157	1100
156	1102
155	1103
119	1105

16	1103
157	1105
156	1107
155	1108
119	1110

16	1108
157	1110
156	1112
155	1113
119	1115

16	1113
157	1115
156	1117
155	1118
119	1120

158	1081
154	1082
153	1084
108	1086
8	1087
151	1089
150	1090
20	1092
149	1093
148	1095
147	1097
146	1098
96	1100
11	1101

158	1086
154	1087
153	1089
108	1091
8	1092
151	1094
150	1095
20	1097
149	1098
148	1100
147	1102
146	1103
96	1105
11	1106

158	1091
154	1092
153	1094
108	1096
8	1097
151	1099
150	1100
20	1102
149	1103
148	1105
147	1107
146	1108
96	1110
11	1111

158	1096
154	1097
153	1099
108	1101
8	1102
151	1104
150	1105
20	1107
149	1108
148	1110
147	1112
146	1113
96	1115
11	1116

158	1101
154	1102
153	1104
108	1106
8	1107
151	1109
150	1110
20	1112
149	1113
148	1115
147	1117
146	1118
96	1120
11	1121

158	1106
154	1107
153	1109
108	1111
8	1112
151	1114
150	1115
20	1117
149	1118
148	1120
147	1122
146	1123
96	1125
11	1126

158	1111
154	1112
153	1114
108	1116
8	1117
151	1119
150	1120
20	1122
149	1123
148	1125
147	1127
146	1128
96	1130
11	1131

158	1116
154	1117
153	1119
108	1121
8	1122
151	1124
150	1125
20	1127
149	1128
148	1130
147	1132
146	1133
96	1135
11	1136

158	1121
154	1122
153	1124
108	1126
8	1127
151	1129
150	1130
20	1132
149	1133
148	1135
147	1137
146	1138
96	1140
11	1141

11	1082
94	1083
138	1084
145	1086
135	1088
142	1089
16	1092
143	1094
86	1097

11	1087
94	1088
138	1089
145	1091
135	1093
142	1094
16	1097
143	1099
86	1102

11	1092
94	1093
138	1094
145	1096
135	1098
142	1099
16	1102
143	1104
86	1107

11	1097
94	1098
138	1099
145	1101
135	1103
142	1104
16	1107
143	1109
86	1112

11	1102
94	1103
138	1104
145	1106
135	1108
142	1109
16	1112
143	1114
86	1117

11	1107
94	1108
138	1109
145	1111
135	1113
142	1114
16	1117
143	1119
86	1122

11	1112
94	1113
138	1114
145	1116
135	1118
142	1119
16	1122
143	1124
86	1127

11	1117
94	1118
138	1119
145	1121
135	1123
142	1124
16	1127
143	1129
86	1132

11	1122
94	1123
138	1124
145	1126
135	1128
142	1129
16	1132
143	1134
86	1137

11	1127
94	1128
138	1129
145	1131
135	1133
142	1134
16	1137
143	1139
86	1142

11	1132
94	1133
138	1134
145	1136
135	1138
142	1139
16	1142
143	1144
86	1147

11	1137
94	1138
138	1139
145	1141
135	1143
142	1144
16	1147
143	1149
86	1152

11	1142
94	1143
138	1144
145	1146
135	1148
142	1149
16	1152
143	1154
86	1157

16	1118
157	1120
156	1122
155	1123
119	1125
158	1126
154	1127
153	1129
108	1131
8	1132
151	1134
150	1135
20	1137
149	1138
148	1140
147	1142
146	1143
96	1145
11	1146
94	1148
138	1149
145	1151
135	1153
142	1154
16	1157
143	1159
86	1162

16	1123
157	1125
156	1127
155	1128
119	1130

16	1128
157	1130
156	1132
155	1133
119	1135

16	1133
157	1135
156	1137
155	1138
119	1140

16	1138
157	1140
156	1142
155	1143
119	1145

16	1143
157	1145
156	1147
155	1148
119	1150

16	1148
157	1150
156	1152
155	1153
119	1155

16	1153
157	1155
156	1157
155	1158
119	1160

16	1158
157	1160
156	1162
155	1163
119	1165

16	1163
157	1165
156	1167
155	1168
119	1170

16	1168
157	1170
156	1172
155	1173
119	1175

16	1173
157	1175
156	1177
155	1178
119	1180

16	1178
157	1180
156	1182
155	1183
119	1185

16	1183
157	1185
156	1187
155	1188
119	1190

16	1188
157	1190
156	1192
155	1193
119	1195

16	1193
157	1195
156	1197
155	1198
119	1200

16	1198
157	1200
156	1202
155	1203
119	1205

158	1131
154	1132
153	1134
108	1136
8	1137
151	1139
150	1140
20	1142
149	1143
148	1145
147	1147
146	1148
96	1150
11	1151

158	1136
154	1137
153	1139
108	1141
8	1142
151	1144
150	1145
20	1147
149	1148
148	1150
147	1152
146	1153
96	1155
11	1156

158	1141
154	1142
153	1144
108	1146
8	1147
151	1149
150	1150
20	1152
149	1153
148	1155
147	1157
146	1158
96	1160
11	1161

158	1146
154	1147
153	1149
108	1151
8	1152
151	1154
150	1155
20	1157
149	1158
148	1160
147	1162
146	1163
96	1165
11	1166

158	1151
154	1152
153	1154
108	1156
8	1157
151	1159
150	1160
20	1162
149	1163
148	1165
147	1167
146	1168
96	1170
11	1171

158	1156
154	1157
153	1159
108	1161
8	1162
151	1164
150	1165
20	1167
149	1168
148	1170
147	1172
146	1173
96	1175
11	1176

158	1161
154	1162
153	1164
108	1166
8	1167
151	1169
150	1170
20	1172
149	1173
148	1175
147	1177
146	1178
96	1180
11	1181

158	1166
154	1167
153	1169
108	1171
8	1172
151	1174
150	1175
20	1177
149	1178
148	1180
147	1182
146	1183
96	1185
11	1186

158	1171
154	1172
153	1174
108	1176
8	1177
151	1179
150	1180
20	1182
149	1183
148	1185
147	1187
146	1188
96	1190
11	1191

158	1176
154	1177
153	1179
108	1181
8	1182
151	1184
150	1185
20	1187
149	1188
148	1190
147	1192
146	1193
96	1195
11	1196

158	1181
154	1182
153	1184
108	1186
8	1187
151	1189
150	1190
20	1192
149	1193
148	1195
147	1197
146	1198
96	1200
11	1201

158	1186
154	1187
153	1189
108	1191
8	1192
151	1194
150	1195
20	1197
149	1198
148	1200
147	1202
146	1203
96	1205
11	1206

158	1191
154	1192
153	1194
108	1196
8	1197
151	1199
150	1200
20	1202
149	1203
148	1205
147	1207
146	1208
96	1210
11	1211

158	1196
154	1197
153	1199
108	1201
8	1202
151	1204
150	1205
20	1207
149	1208
148	1210
147	1212
146	1213
96	1215
11	1216

11	1152
94	1153
138	1154
145	1156
135	1158
142	1159

11	1157
94	1158
138	1159
145	1161
135	1163
142	1164

11	1162
94	1163
138	1164
145	1166
135	1168
142	1169

11	1167
94	1168
138	1169
145	1171
135	1173
142	1174

11	1172
94	1173
138	1174
145	1176
135	1178
142	1179

11	1177
94	1178
138	1179
145	1181
135	1183
142	1184

11	1182
94	1183
138	1184
145	1186
135	1188
142	1189

11	1187
94	1188
138	1189
145	1191
135	1193
142	1194

11	1192
94	1193
138	1194
145	1196
135	1198
142	1199

11	1197
94	1198
138	1199
145	1201
135	1203
142	1204

