16	608
157	610
156	612
155	613
119	615

16	618
157	620
156	622
155	623
119	625

16	628
157	630
156	632
155	633
119	635

16	638
157	640
156	642
155	643
119	645

16	648
157	650
156	652
155	653
119	655

16	658
157	660
156	662
155	663
119	665

16	668
157	670
156	672
155	673
119	675

16	678
157	680
156	682
155	683
119	685

16	688
157	690
156	692
155	693
119	695

16	698
157	700
156	702
155	703
119	705

16	708
157	710
156	712
155	713
119	715

16	718
157	720
156	722
155	723
119	725

158	606
154	607
153	609
108	611
8	612
151	614
150	615
20	617
149	618
148	620
147	622
146	623
96	625
11	626

158	616
154	617
153	619
108	621
8	622
151	624
150	625
20	627
149	628
148	630
147	632
146	633
96	635
11	636

158	626
154	627
153	629
108	631
8	632
151	634
150	635
20	637
149	638
148	640
147	642
146	643
96	645
11	646

158	636
154	637
153	639
108	641
8	642
151	644
150	645
20	647
149	648
148	650
147	652
146	653
96	655
11	656

158	646
154	647
153	649
108	651
8	652
151	654
150	655
20	657
149	658
148	660
147	662
146	663
96	665
11	666

158	656
154	657
153	659
108	661
8	662
151	664
150	665
20	667
149	668
148	670
147	672
146	673
96	675
11	676

158	666
154	667
153	669
108	671
8	672
151	674
150	675
20	677
149	678
148	680
147	682
146	683
96	685
11	686

158	676
154	677
153	679
108	681
8	682
151	684
150	685
20	687
149	688
148	690
147	692
146	693
96	695
11	696

158	686
154	687
153	689
108	691
8	692
151	694
150	695
20	697
149	698
148	700
147	702
146	703
96	705
11	706

158	696
154	697
153	699
108	701
8	702
151	704
150	705
20	707
149	708
148	710
147	712
146	713
96	715
11	716

158	706
154	707
153	709
108	711
8	712
151	714
150	715
20	717
149	718
148	720
147	722
146	723
96	725
11	726

158	716
154	717
153	719
108	721
8	722
151	724
150	725
20	727
149	728
148	730
147	732
146	733
96	735
11	736

11	607
94	608
138	609
145	611
135	613
142	614
16	617
143	619
86	622

11	617
94	618
138	619
145	621
135	623
142	624
16	627
143	629
86	632

11	627
94	628
138	629
145	631
135	633
142	634
16	637
143	639
86	642

11	637
94	638
138	639
145	641
135	643
142	644
16	647
143	649
86	652

11	647
94	648
138	649
145	651
135	653
142	654
16	657
143	659
86	662

11	657
94	658
138	659
145	661
135	663
142	664
16	667
143	669
86	672

11	667
94	668
138	669
145	671
135	673
142	674
16	677
143	679
86	682

11	677
94	678
138	679
145	681
135	683
142	684
16	687
143	689
86	692

11	687
94	688
138	689
145	691
135	693
142	694
16	697
143	699
86	702

11	697
94	698
138	699
145	701
135	703
142	704
16	707
143	709
86	712

11	707
94	708
138	709
145	711
135	713
142	714
16	717
143	719
86	722

11	717
94	718
138	719
145	721
135	723
142	724
16	727
143	729
86	732

