11	366
96	368
146	369
147	370
148	372
149	374
20	375
150	377
151	378
8	381

8	361
159	362
153	364
154	365
119	367
155	368
156	370
157	372
16	374

8	371
159	372
153	374
154	375
119	377
155	378
156	380
157	382
16	384

8	381
159	382
153	384
154	385
119	387
155	388
156	390
157	392
16	394

86	361
143	363
16	366
142	368
135	369
145	371
138	372
94	374
11	375
96	378
146	379
147	380
148	382
149	384
20	385
150	387
151	388
8	391
159	392
153	394
154	395
119	397
155	398
156	400
157	402
16	404

16	371
142	373
135	374
145	376
138	377
94	379
11	380
96	383
146	384
147	385
148	387
149	389
20	390
150	392
151	393
8	396
159	397
153	399
154	400
119	402
155	403
156	405
157	407
16	409

86	371
143	373
16	376
142	378
135	379
145	381
138	382
94	384
11	385
96	388
146	389
147	390
148	392
149	394
20	395
150	397
151	398
8	401
159	402
153	404
154	405
119	407
155	408
156	410
157	412
16	414

86	376
143	378
16	381
142	383
135	384
145	386
138	387
94	389
11	390

86	381
143	383
16	386
142	388
135	389
145	391
138	392
94	394
11	395

86	386
143	388
16	391
142	393
135	394
145	396
138	397
94	399
11	400

86	391
143	393
16	396
142	398
135	399
145	401
138	402
94	404
11	405

86	396
143	398
16	401
142	403
135	404
145	406
138	407
94	409
11	410

86	401
143	403
16	406
142	408
135	409
145	411
138	412
94	414
11	415

86	406
143	408
16	411
142	413
135	414
145	416
138	417
94	419
11	420

86	411
143	413
16	416
142	418
135	419
145	421
138	422
94	424
11	425

86	416
143	418
16	421
142	423
135	424
145	426
138	427
94	429
11	430

86	421
143	423
16	426
142	428
135	429
145	431
138	432
94	434
11	435

86	426
143	428
16	431
142	433
135	434
145	436
138	437
94	439
11	440

86	431
143	433
16	436
142	438
135	439
145	441
138	442
94	444
11	445

86	436
143	438
16	441
142	443
135	444
145	446
138	447
94	449
11	450

86	441
143	443
16	446
142	448
135	449
145	451
138	452
94	454
11	455

86	446
143	448
16	451
142	453
135	454
145	456
138	457
94	459
11	460

86	451
143	453
16	456
142	458
135	459
145	461
138	462
94	464
11	465

86	456
143	458
16	461
142	463
135	464
145	466
138	467
94	469
11	470

86	461
143	463
16	466
142	468
135	469
145	471
138	472
94	474
11	475

86	466
143	468
16	471
142	473
135	474
145	476
138	477
94	479
11	480

86	471
143	473
16	476
142	478
135	479
145	481
138	482
94	484
11	485

86	476
143	478
16	481
142	483
135	484
145	486
138	487
94	489
11	490

11	391
96	393
146	394
147	395
148	397
149	399
20	400
150	402
151	403
8	406

11	396
96	398
146	399
147	400
148	402
149	404
20	405
150	407
151	408
8	411

11	401
96	403
146	404
147	405
148	407
149	409
20	410
150	412
151	413
8	416

11	406
96	408
146	409
147	410
148	412
149	414
20	415
150	417
151	418
8	421

11	411
96	413
146	414
147	415
148	417
149	419
20	420
150	422
151	423
8	426

11	416
96	418
146	419
147	420
148	422
149	424
20	425
150	427
151	428
8	431

11	421
96	423
146	424
147	425
148	427
149	429
20	430
150	432
151	433
8	436

11	426
96	428
146	429
147	430
148	432
149	434
20	435
150	437
151	438
8	441

11	431
96	433
146	434
147	435
148	437
149	439
20	440
150	442
151	443
8	446

11	436
96	438
146	439
147	440
148	442
149	444
20	445
150	447
151	448
8	451

11	441
96	443
146	444
147	445
148	447
149	449
20	450
150	452
151	453
8	456

11	446
96	448
146	449
147	450
148	452
149	454
20	455
150	457
151	458
8	461

11	451
96	453
146	454
147	455
148	457
149	459
20	460
150	462
151	463
8	466

11	456
96	458
146	459
147	460
148	462
149	464
20	465
150	467
151	468
8	471

11	461
96	463
146	464
147	465
148	467
149	469
20	470
150	472
151	473
8	476

11	466
96	468
146	469
147	470
148	472
149	474
20	475
150	477
151	478
8	481

11	471
96	473
146	474
147	475
148	477
149	479
20	480
150	482
151	483
8	486

11	476
96	478
146	479
147	480
148	482
149	484
20	485
150	487
151	488
8	491

8	406
159	407
153	409
154	410
119	412
155	413
156	415
157	417
16	419

8	411
159	412
153	414
154	415
119	417
155	418
156	420
157	422
16	424

8	416
159	417
153	419
154	420
119	422
155	423
156	425
157	427
16	429

8	421
159	422
153	424
154	425
119	427
155	428
156	430
157	432
16	434

8	426
159	427
153	429
154	430
119	432
155	433
156	435
157	437
16	439

8	431
159	432
153	434
154	435
119	437
155	438
156	440
157	442
16	444

8	436
159	437
153	439
154	440
119	442
155	443
156	445
157	447
16	449

8	441
159	442
153	444
154	445
119	447
155	448
156	450
157	452
16	454

8	446
159	447
153	449
154	450
119	452
155	453
156	455
157	457
16	459

8	451
159	452
153	454
154	455
119	457
155	458
156	460
157	462
16	464

8	456
159	457
153	459
154	460
119	462
155	463
156	465
157	467
16	469

8	461
159	462
153	464
154	465
119	467
155	468
156	470
157	472
16	474

8	466
159	467
153	469
154	470
119	472
155	473
156	475
157	477
16	479

8	471
159	472
153	474
154	475
119	477
155	478
156	480
157	482
16	484

8	476
159	477
153	479
154	480
119	482
155	483
156	485
157	487
16	489

