38	963
37	967
36	971
35	973
0	976

38	973
37	977
36	981
35	983
0	986

38	983
37	987
36	991
35	993
0	996

38	993
37	997
36	1001
35	1003
0	1006

38	1003
37	1007
36	1011
35	1013
0	1016

38	1013
37	1017
36	1021
35	1023
0	1026

38	1023
37	1027
36	1031
35	1033
0	1036

38	1033
37	1037
36	1041
35	1043
0	1046

38	1043
37	1047
36	1051
35	1053
0	1056

38	1053
37	1057
36	1061
35	1063
0	1066

38	1063
37	1067
36	1071
35	1073
0	1076

38	1073
37	1077
36	1081
35	1083
0	1086

0	967
1	969
2	972
3	974
4	976
5	980

0	977
1	979
2	982
3	984
4	986
5	990

0	987
1	989
2	992
3	994
4	996
5	1000

0	997
1	999
2	1002
3	1004
4	1006
5	1010

0	1007
1	1009
2	1012
3	1014
4	1016
5	1020

0	1017
1	1019
2	1022
3	1024
4	1026
5	1030

0	1027
1	1029
2	1032
3	1034
4	1036
5	1040

0	1037
1	1039
2	1042
3	1044
4	1046
5	1050

0	1047
1	1049
2	1052
3	1054
4	1056
5	1060

0	1057
1	1059
2	1062
3	1064
4	1066
5	1070

0	1067
1	1069
2	1072
3	1074
4	1076
5	1080

0	1077
1	1079
2	1082
3	1084
4	1086
5	1090

5	961
34	963
33	965
20	967
6	969
26	971
27	973

5	971
34	973
33	975
20	977
6	979
26	981
27	983

5	981
34	983
33	985
20	987
6	989
26	991
27	993

5	991
34	993
33	995
20	997
6	999
26	1001
27	1003

5	1001
34	1003
33	1005
20	1007
6	1009
26	1011
27	1013

5	1011
34	1013
33	1015
20	1017
6	1019
26	1021
27	1023

5	1021
34	1023
33	1025
20	1027
6	1029
26	1031
27	1033

5	1031
34	1033
33	1035
20	1037
6	1039
26	1041
27	1043

5	1041
34	1043
33	1045
20	1047
6	1049
26	1051
27	1053

5	1051
34	1053
33	1055
20	1057
6	1059
26	1061
27	1063

5	1061
34	1063
33	1065
20	1067
6	1069
26	1071
27	1073

5	1071
34	1073
33	1075
20	1077
6	1079
26	1081
27	1083

27	964
11	967
12	969
13	971
14	973
15	974
16	977
17	979
18	981
19	983

27	974
11	977
12	979
13	981
14	983
15	984
16	987
17	989
18	991
19	993

27	984
11	987
12	989
13	991
14	993
15	994
16	997
17	999
18	1001
19	1003

27	994
11	997
12	999
13	1001
14	1003
15	1004
16	1007
17	1009
18	1011
19	1013

27	1004
11	1007
12	1009
13	1011
14	1013
15	1014
16	1017
17	1019
18	1021
19	1023

27	1014
11	1017
12	1019
13	1021
14	1023
15	1024
16	1027
17	1029
18	1031
19	1033

27	1024
11	1027
12	1029
13	1031
14	1033
15	1034
16	1037
17	1039
18	1041
19	1043

27	1034
11	1037
12	1039
13	1041
14	1043
15	1044
16	1047
17	1049
18	1051
19	1053

27	1044
11	1047
12	1049
13	1051
14	1053
15	1054
16	1057
17	1059
18	1061
19	1063

27	1054
11	1057
12	1059
13	1061
14	1063
15	1064
16	1067
17	1069
18	1071
19	1073

27	1064
11	1067
12	1069
13	1071
14	1073
15	1074
16	1077
17	1079
18	1081
19	1083

27	1074
11	1077
12	1079
13	1081
14	1083
15	1084
16	1087
17	1089
18	1091
19	1093

19	976
21	978
22	980
23	982
24	985

19	986
21	988
22	990
23	992
24	995

19	996
21	998
22	1000
23	1002
24	1005

19	1006
21	1008
22	1010
23	1012
24	1015

19	1016
21	1018
22	1020
23	1022
24	1025

19	1026
21	1028
22	1030
23	1032
24	1035

19	1036
21	1038
22	1040
23	1042
24	1045

19	1046
21	1048
22	1050
23	1052
24	1055

19	1056
21	1058
22	1060
23	1062
24	1065

19	1066
21	1068
22	1070
23	1072
24	1075

19	1076
21	1078
22	1080
23	1082
24	1085

38	963
37	967
36	971
35	973
0	976

38	983
37	987
36	991
35	993
0	996

38	1003
37	1007
36	1011
35	1013
0	1016

38	1023
37	1027
36	1031
35	1033
0	1036

38	1043
37	1047
36	1051
35	1053
0	1056

38	1063
37	1067
36	1071
35	1073
0	1076

0	967
1	969
2	972
3	974
4	976
5	980

0	977
1	979
2	982
3	984
4	986
5	990

0	987
1	989
2	992
3	994
4	996
5	1000

0	997
1	999
2	1002
3	1004
4	1006
5	1010

0	1007
1	1009
2	1012
3	1014
4	1016
5	1020

0	1017
1	1019
2	1022
3	1024
4	1026
5	1030

0	1027
1	1029
2	1032
3	1034
4	1036
5	1040

0	1037
1	1039
2	1042
3	1044
4	1046
5	1050

0	1047
1	1049
2	1052
3	1054
4	1056
5	1060

0	1057
1	1059
2	1062
3	1064
4	1066
5	1070

0	1067
1	1069
2	1072
3	1074
4	1076
5	1080

0	1077
1	1079
2	1082
3	1084
4	1086
5	1090

5	961
34	963
33	965
20	967
6	969
26	971
27	973

5	971
34	973
33	975
20	977
6	979
26	981
27	983

5	981
34	983
33	985
20	987
6	989
26	991
27	993

5	991
34	993
33	995
20	997
6	999
26	1001
27	1003

5	1001
34	1003
33	1005
20	1007
6	1009
26	1011
27	1013

5	1011
34	1013
33	1015
20	1017
6	1019
26	1021
27	1023

5	1021
34	1023
33	1025
20	1027
6	1029
26	1031
27	1033

5	1031
34	1033
33	1035
20	1037
6	1039
26	1041
27	1043

5	1041
34	1043
33	1045
20	1047
6	1049
26	1051
27	1053

5	1051
34	1053
33	1055
20	1057
6	1059
26	1061
27	1063

5	1061
34	1063
33	1065
20	1067
6	1069
26	1071
27	1073

5	1071
34	1073
33	1075
20	1077
6	1079
26	1081
27	1083

27	964
11	967
12	969
13	971
14	973
15	974
16	977
17	979
18	981
19	983

27	974
11	977
12	979
13	981
14	983
15	984
16	987
17	989
18	991
19	993

27	984
11	987
12	989
13	991
14	993
15	994
16	997
17	999
18	1001
19	1003

27	994
11	997
12	999
13	1001
14	1003
15	1004
16	1007
17	1009
18	1011
19	1013

27	1004
11	1007
12	1009
13	1011
14	1013
15	1014
16	1017
17	1019
18	1021
19	1023

27	1014
11	1017
12	1019
13	1021
14	1023
15	1024
16	1027
17	1029
18	1031
19	1033

27	1024
11	1027
12	1029
13	1031
14	1033
15	1034
16	1037
17	1039
18	1041
19	1043

27	1034
11	1037
12	1039
13	1041
14	1043
15	1044
16	1047
17	1049
18	1051
19	1053

27	1044
11	1047
12	1049
13	1051
14	1053
15	1054
16	1057
17	1059
18	1061
19	1063

27	1054
11	1057
12	1059
13	1061
14	1063
15	1064
16	1067
17	1069
18	1071
19	1073

27	1064
11	1067
12	1069
13	1071
14	1073
15	1074
16	1077
17	1079
18	1081
19	1083

27	1074
11	1077
12	1079
13	1081
14	1083
15	1084
16	1087
17	1089
18	1091
19	1093

19	966
21	968
22	970
23	972
24	975

19	976
21	978
22	980
23	982
24	985

19	986
21	988
22	990
23	992
24	995

19	996
21	998
22	1000
23	1002
24	1005

19	1006
21	1008
22	1010
23	1012
24	1015

19	1016
21	1018
22	1020
23	1022
24	1025

19	1026
21	1028
22	1030
23	1032
24	1035

19	1036
21	1038
22	1040
23	1042
24	1045

19	1046
21	1048
22	1050
23	1052
24	1055

19	1056
21	1058
22	1060
23	1062
24	1065

19	1066
21	1068
22	1070
23	1072
24	1075

19	1076
21	1078
22	1080
23	1082
24	1085

