24	609
23	611
22	613
21	614
19	617

24	619
23	621
22	623
21	624
19	627

24	629
23	631
22	633
21	634
19	637

24	639
23	641
22	643
21	644
19	647

24	649
23	651
22	653
21	654
19	657

24	659
23	661
22	663
21	664
19	667

24	669
23	671
22	673
21	674
19	677

24	679
23	681
22	683
21	684
19	687

24	689
23	691
22	693
21	694
19	697

24	699
23	701
22	703
21	704
19	707

24	709
23	711
22	713
21	714
19	717

24	719
23	721
22	723
21	724
19	727

19	600
18	602
17	603
16	606
15	608
14	610
13	611
12	613
11	615
27	618

19	610
18	612
17	613
16	616
15	618
14	620
13	621
12	623
11	625
27	628

19	620
18	622
17	623
16	626
15	628
14	630
13	631
12	633
11	635
27	638

19	630
18	632
17	633
16	636
15	638
14	640
13	641
12	643
11	645
27	648

19	640
18	642
17	643
16	646
15	648
14	650
13	651
12	653
11	655
27	658

19	650
18	652
17	653
16	656
15	658
14	660
13	661
12	663
11	665
27	668

19	660
18	662
17	663
16	666
15	668
14	670
13	671
12	673
11	675
27	678

19	670
18	672
17	673
16	676
15	678
14	680
13	681
12	683
11	685
27	688

19	680
18	682
17	683
16	686
15	688
14	690
13	691
12	693
11	695
27	698

19	690
18	692
17	693
16	696
15	698
14	700
13	701
12	703
11	705
27	708

19	700
18	702
17	703
16	706
15	708
14	710
13	711
12	713
11	715
27	718

19	710
18	712
17	713
16	716
15	718
14	720
13	721
12	723
11	725
27	728

27	609
26	611
6	613
20	615
33	617
34	619
5	621

27	619
26	621
6	623
20	625
33	627
34	629
5	631

27	629
26	631
6	633
20	635
33	637
34	639
5	641

27	639
26	641
6	643
20	645
33	647
34	649
5	651

27	649
26	651
6	653
20	655
33	657
34	659
5	661

27	659
26	661
6	663
20	665
33	667
34	669
5	671

27	669
26	671
6	673
20	675
33	677
34	679
5	681

27	679
26	681
6	683
20	685
33	687
34	689
5	691

27	689
26	691
6	693
20	695
33	697
34	699
5	701

27	699
26	701
6	703
20	705
33	707
34	709
5	711

27	709
26	711
6	713
20	715
33	717
34	719
5	721

27	719
26	721
6	723
20	725
33	727
34	729
5	731

5	602
4	605
3	607
2	610
1	612
0	615

5	612
4	615
3	617
2	620
1	622
0	625

5	622
4	625
3	627
2	630
1	632
0	635

5	632
4	635
3	637
2	640
1	642
0	645

5	642
4	645
3	647
2	650
1	652
0	655

5	652
4	655
3	657
2	660
1	662
0	665

5	662
4	665
3	667
2	670
1	672
0	675

5	672
4	675
3	677
2	680
1	682
0	685

5	682
4	685
3	687
2	690
1	692
0	695

5	692
4	695
3	697
2	700
1	702
0	705

5	702
4	705
3	707
2	710
1	712
0	715

5	712
4	715
3	717
2	720
1	722
0	725

0	606
35	609
36	611
37	614
38	619

0	626
35	629
36	631
37	634
38	639

0	646
35	649
36	651
37	654
38	659

0	666
35	669
36	671
37	674
38	679

0	686
35	689
36	691
37	694
38	699

0	706
35	709
36	711
37	714
38	719

