42	729

42	739

42	749

42	759

42	769

42	779

42	789

42	799

42	809

42	819

42	829

42	839

32	727
31	730

32	737
31	740

32	747
31	750

32	757
31	760

32	767
31	770

32	777
31	780

32	787
31	790

32	797
31	800

32	807
31	810

32	817
31	820

32	827
31	830

32	837
31	840

9	721
51	736

9	731
51	746

9	741
51	756

9	751
51	766

9	761
51	776

9	771
51	786

9	781
51	796

9	791
51	806

9	801
51	816

9	811
51	826

9	821
51	836

9	831
51	846

41	726
42	609
43	732
32	735

41	746
42	629
43	752
32	755

41	766
42	649
43	772
32	775

41	786
42	669
43	792
32	795

41	806
42	689
43	812
32	815

41	826
42	709
43	832
32	835

32	727
31	730
30	852
29	854
39	857
44	860
45	862
11	865
27	868

32	737
31	740
30	862
29	864
39	867
44	870
45	872
11	875
27	878

32	747
31	750
30	872
29	874
39	877
44	880
45	882
11	885
27	888

32	757
31	760
30	882
29	884
39	887
44	890
45	892
11	895
27	898

32	767
31	770
30	892
29	894
39	897
44	900
45	902
11	905
27	908

32	777
31	780
30	902
29	904
39	907
44	910
45	912
11	915
27	918

32	787
31	790
30	912
29	914
39	917
44	920
45	922
11	925
27	928

32	797
31	800
30	922
29	924
39	927
44	930
45	932
11	935
27	938

32	807
31	810
30	932
29	934
39	937
44	940
45	942
11	945
27	948

32	817
31	820
30	942
29	944
39	947
44	950
45	952
11	955
27	958

32	827
31	830
30	952
29	954
39	957
44	960
45	962
11	965
27	968

32	837
31	840
30	962
29	964
39	967
44	970
45	972
11	975
27	978

27	728
9	611
8	734
7	736
46	739
47	740
48	742
49	744
51	626

27	738
9	621
8	744
7	746
46	749
47	750
48	752
49	754
51	636

27	748
9	631
8	754
7	756
46	759
47	760
48	762
49	764
51	646

27	758
9	641
8	764
7	766
46	769
47	770
48	772
49	774
51	656

27	768
9	651
8	774
7	776
46	779
47	780
48	782
49	784
51	666

27	778
9	661
8	784
7	786
46	789
47	790
48	792
49	794
51	676

27	788
9	671
8	794
7	796
46	799
47	800
48	802
49	804
51	686

27	798
9	681
8	804
7	806
46	809
47	810
48	812
49	814
51	696

27	808
9	691
8	814
7	816
46	819
47	820
48	822
49	824
51	706

27	818
9	701
8	824
7	826
46	829
47	830
48	832
49	834
51	716

27	828
9	711
8	834
7	836
46	839
47	840
48	842
49	844
51	726

27	838
9	721
8	844
7	846
46	849
47	850
48	852
49	854
51	736

