42	969

42	979

42	989

42	999

42	1009

42	1019

42	1029

42	1039

42	1049

42	1059

42	1069

42	1079

32	967
31	970

32	977
31	980

32	987
31	990

32	997
31	1000

32	1007
31	1010

32	1017
31	1020

32	1027
31	1030

32	1037
31	1040

32	1047
31	1050

32	1057
31	1060

32	1067
31	1070

32	1077
31	1080

9	961
51	976

9	971
51	986

9	981
51	996

9	991
51	1006

9	1001
51	1016

9	1011
51	1026

9	1021
51	1036

9	1031
51	1046

9	1041
51	1056

9	1051
51	1066

9	1061
51	1076

9	1071
51	1086

41	966
42	849
43	972
32	975

41	986
42	869
43	992
32	995

41	1006
42	889
43	1012
32	1015

41	1026
42	909
43	1032
32	1035

41	1046
42	929
43	1052
32	1055

41	1066
42	949
43	1072
32	1075

32	967
31	970
30	1092
29	1094
39	1097
44	1100
45	1102
11	1105
27	1108

32	977
31	980
30	1102
29	1104
39	1107
44	1110
45	1112
11	1115
27	1118

32	987
31	990
30	1112
29	1114
39	1117
44	1120
45	1122
11	1125
27	1128

32	997
31	1000
30	1122
29	1124
39	1127
44	1130
45	1132
11	1135
27	1138

32	1007
31	1010
30	1132
29	1134
39	1137
44	1140
45	1142
11	1145
27	1148

32	1017
31	1020
30	1142
29	1144
39	1147
44	1150
45	1152
11	1155
27	1158

32	1027
31	1030
30	1152
29	1154
39	1157
44	1160
45	1162
11	1165
27	1168

32	1037
31	1040
30	1162
29	1164
39	1167
44	1170
45	1172
11	1175
27	1178

32	1047
31	1050
30	1172
29	1174
39	1177
44	1180
45	1182
11	1185
27	1188

32	1057
31	1060
30	1182
29	1184
39	1187
44	1190
45	1192
11	1195
27	1198

32	1067
31	1070
30	1192
29	1194
39	1197
44	1200
45	1202
11	1205
27	1208

32	1077
31	1080
30	1202
29	1204
39	1207
44	1210
45	1212
11	1215
27	1218

27	968
9	851
8	974
7	976
46	979
47	980
48	982
49	984
51	866

27	978
9	861
8	984
7	986
46	989
47	990
48	992
49	994
51	876

27	988
9	871
8	994
7	996
46	999
47	1000
48	1002
49	1004
51	886

27	998
9	881
8	1004
7	1006
46	1009
47	1010
48	1012
49	1014
51	896

27	1008
9	891
8	1014
7	1016
46	1019
47	1020
48	1022
49	1024
51	906

27	1018
9	901
8	1024
7	1026
46	1029
47	1030
48	1032
49	1034
51	916

27	1028
9	911
8	1034
7	1036
46	1039
47	1040
48	1042
49	1044
51	926

27	1038
9	921
8	1044
7	1046
46	1049
47	1050
48	1052
49	1054
51	936

27	1048
9	931
8	1054
7	1056
46	1059
47	1060
48	1062
49	1064
51	946

27	1058
9	941
8	1064
7	1066
46	1069
47	1070
48	1072
49	1074
51	956

27	1068
9	951
8	1074
7	1076
46	1079
47	1080
48	1082
49	1084
51	966

27	1078
9	961
8	1084
7	1086
46	1089
47	1090
48	1092
49	1094
51	976

