41	486
42	489
43	492
32	495

41	496
42	499
43	502
32	505

42	509

42	519

42	529

42	539

42	549

42	559

42	569

42	579

42	589

42	599

32	487
31	490
30	492
29	494
39	497
44	500
45	502
11	505
27	508

32	497
31	500
30	502
29	504
39	507
44	510
45	512
11	515
27	518

32	507
31	510
30	512
29	514
39	517
44	520
45	522
11	525
27	528

32	517
31	520

32	527
31	530

32	537
31	540

32	547
31	550

32	557
31	560

32	567
31	570

32	577
31	580

32	587
31	590

32	597
31	600

27	488
9	491
8	494
7	496
46	499
47	500
48	502
49	504
51	506

27	498
9	501
8	504
7	506
46	509
47	510
48	512
49	514
51	516

27	508
9	511
8	514
7	516
46	519
47	520
48	522
49	524
51	526

27	518
9	521
8	524
7	526
46	529
47	530
48	532
49	534
51	536

27	528
9	531
8	534
7	536
46	539
47	540
48	542
49	544
51	546

9	541
51	556

9	551
51	566

9	561
51	576

9	571
51	586

9	581
51	596

9	591
51	606

41	506
43	512
32	515
30	522
29	524
39	527
44	530
45	532
11	535
27	538
8	544
7	546
46	549
47	550
48	552
49	554

41	526
42	409
43	532
32	535

41	546
42	429
43	552
32	555

41	566
42	449
43	572
32	575

41	586
42	469
43	592
32	595

32	487
31	490
30	612
29	614
39	617
44	620
45	622
11	625
27	628

32	497
31	500
30	622
29	624
39	627
44	630
45	632
11	635
27	638

32	507
31	510
30	632
29	634
39	637
44	640
45	642
11	645
27	648

32	517
31	520
30	642
29	644
39	647
44	650
45	652
11	655
27	658

32	527
31	530
30	652
29	654
39	657
44	660
45	662
11	665
27	668

32	537
31	540
30	662
29	664
39	667
44	670
45	672
11	675
27	678

32	547
31	550
30	672
29	674
39	677
44	680
45	682
11	685
27	688

32	557
31	560
30	682
29	684
39	687
44	690
45	692
11	695
27	698

32	567
31	570
30	692
29	694
39	697
44	700
45	702
11	705
27	708

32	577
31	580
30	702
29	704
39	707
44	710
45	712
11	715
27	718

32	587
31	590
30	712
29	714
39	717
44	720
45	722
11	725
27	728

32	597
31	600
30	722
29	724
39	727
44	730
45	732
11	735
27	738

27	548
9	431
8	554
7	556
46	559
47	560
48	562
49	564
51	446

27	558
9	441
8	564
7	566
46	569
47	570
48	572
49	574
51	456

27	568
9	451
8	574
7	576
46	579
47	580
48	582
49	584
51	466

27	578
9	461
8	584
7	586
46	589
47	590
48	592
49	594
51	476

27	588
9	471
8	594
7	596
46	599
47	600
48	602
49	604
51	486

27	598
9	481
8	604
7	606
46	609
47	610
48	612
49	614
51	496

