42	1089

42	1099

42	1109

42	1119

42	1129

42	1139

42	1149

42	1159

42	1169

42	1179

42	1189

42	1199

32	1087
31	1090

32	1097
31	1100

32	1107
31	1110

32	1117
31	1120

32	1127
31	1130

32	1137
31	1140

32	1147
31	1150

32	1157
31	1160

32	1167
31	1170

32	1177
31	1180

32	1187
31	1190

32	1197
31	1200

9	1081
51	1096

9	1091
51	1106

9	1101
51	1116

9	1111
51	1126

9	1121
51	1136

9	1131
51	1146

9	1141
51	1156

9	1151
51	1166

9	1161
51	1176

9	1171
51	1186

9	1181
51	1196

9	1191
51	1206

41	1086
42	969
43	1092
32	1095

41	1106
42	989
43	1112
32	1115

41	1126
42	1009
43	1132
32	1135

41	1146
42	1029
43	1152
32	1155

41	1166
42	1049
43	1172
32	1175

41	1186
42	1069
43	1192
32	1195

32	1087
31	1090
30	1212
29	1214
39	1217
44	1220
45	1222
11	1225
27	1228

32	1097
31	1100
30	1222
29	1224
39	1227
44	1230
45	1232
11	1235
27	1238

32	1107
31	1110
30	1232
29	1234
39	1237
44	1240
45	1242
11	1245
27	1248

32	1117
31	1120
30	1242
29	1244
39	1247
44	1250
45	1252
11	1255
27	1258

32	1127
31	1130
30	1252
29	1254
39	1257
44	1260
45	1262
11	1265
27	1268

32	1137
31	1140
30	1262
29	1264
39	1267
44	1270
45	1272
11	1275
27	1278

32	1147
31	1150
30	1272
29	1274
39	1277
44	1280
45	1282
11	1285
27	1288

32	1157
31	1160
30	1282
29	1284
39	1287
44	1290
45	1292
11	1295
27	1298

32	1167
31	1170
30	1292
29	1294
39	1297
44	1300
45	1302
11	1305
27	1308

32	1177
31	1180
30	1302
29	1304
39	1307
44	1310
45	1312
11	1315
27	1318

32	1187
31	1190
30	1312
29	1314
39	1317
44	1320
45	1322
11	1325
27	1328

32	1197
31	1200
30	1322
29	1324
39	1327
44	1330
45	1332
11	1335
27	1338

27	1088
9	971
8	1094
7	1096
46	1099
47	1100
48	1102
49	1104
51	986

27	1098
9	981
8	1104
7	1106
46	1109
47	1110
48	1112
49	1114
51	996

27	1108
9	991
8	1114
7	1116
46	1119
47	1120
48	1122
49	1124
51	1006

27	1118
9	1001
8	1124
7	1126
46	1129
47	1130
48	1132
49	1134
51	1016

27	1128
9	1011
8	1134
7	1136
46	1139
47	1140
48	1142
49	1144
51	1026

27	1138
9	1021
8	1144
7	1146
46	1149
47	1150
48	1152
49	1154
51	1036

27	1148
9	1031
8	1154
7	1156
46	1159
47	1160
48	1162
49	1164
51	1046

27	1158
9	1041
8	1164
7	1166
46	1169
47	1170
48	1172
49	1174
51	1056

27	1168
9	1051
8	1174
7	1176
46	1179
47	1180
48	1182
49	1184
51	1066

27	1178
9	1061
8	1184
7	1186
46	1189
47	1190
48	1192
49	1194
51	1076

27	1188
9	1071
8	1194
7	1196
46	1199
47	1200
48	1202
49	1204
51	1086

27	1198
9	1081
8	1204
7	1206
46	1209
47	1210
48	1212
49	1214
51	1096

