42	849

42	859

42	869

42	879

42	889

42	899

42	909

42	919

42	929

42	939

42	949

42	959

32	847
31	850

32	857
31	860

32	867
31	870

32	877
31	880

32	887
31	890

32	897
31	900

32	907
31	910

32	917
31	920

32	927
31	930

32	937
31	940

32	947
31	950

32	957
31	960

9	841
51	856

9	851
51	866

9	861
51	876

9	871
51	886

9	881
51	896

9	891
51	906

9	901
51	916

9	911
51	926

9	921
51	936

9	931
51	946

9	941
51	956

9	951
51	966

41	846
42	729
43	852
32	855

41	866
42	749
43	872
32	875

41	886
42	769
43	892
32	895

41	906
42	789
43	912
32	915

41	926
42	809
43	932
32	935

41	946
42	829
43	952
32	955

32	847
31	850
30	972
29	974
39	977
44	980
45	982
11	985
27	988

32	857
31	860
30	982
29	984
39	987
44	990
45	992
11	995
27	998

32	867
31	870
30	992
29	994
39	997
44	1000
45	1002
11	1005
27	1008

32	877
31	880
30	1002
29	1004
39	1007
44	1010
45	1012
11	1015
27	1018

32	887
31	890
30	1012
29	1014
39	1017
44	1020
45	1022
11	1025
27	1028

32	897
31	900
30	1022
29	1024
39	1027
44	1030
45	1032
11	1035
27	1038

32	907
31	910
30	1032
29	1034
39	1037
44	1040
45	1042
11	1045
27	1048

32	917
31	920
30	1042
29	1044
39	1047
44	1050
45	1052
11	1055
27	1058

32	927
31	930
30	1052
29	1054
39	1057
44	1060
45	1062
11	1065
27	1068

32	937
31	940
30	1062
29	1064
39	1067
44	1070
45	1072
11	1075
27	1078

32	947
31	950
30	1072
29	1074
39	1077
44	1080
45	1082
11	1085
27	1088

32	957
31	960
30	1082
29	1084
39	1087
44	1090
45	1092
11	1095
27	1098

27	848
9	731
8	854
7	856
46	859
47	860
48	862
49	864
51	746

27	858
9	741
8	864
7	866
46	869
47	870
48	872
49	874
51	756

27	868
9	751
8	874
7	876
46	879
47	880
48	882
49	884
51	766

27	878
9	761
8	884
7	886
46	889
47	890
48	892
49	894
51	776

27	888
9	771
8	894
7	896
46	899
47	900
48	902
49	904
51	786

27	898
9	781
8	904
7	906
46	909
47	910
48	912
49	914
51	796

27	908
9	791
8	914
7	916
46	919
47	920
48	922
49	924
51	806

27	918
9	801
8	924
7	926
46	929
47	930
48	932
49	934
51	816

27	928
9	811
8	934
7	936
46	939
47	940
48	942
49	944
51	826

27	938
9	821
8	944
7	946
46	949
47	950
48	952
49	954
51	836

27	948
9	831
8	954
7	956
46	959
47	960
48	962
49	964
51	846

27	958
9	841
8	964
7	966
46	969
47	970
48	972
49	974
51	856

