61	960
62	962
40	964
50	967
51	970
49	974
48	976
47	978
46	980
5	983
34	986
33	988
20	990
6	992
26	994
27	998
57	1001
56	1004
55	1006
52	1011
53	1013
58	1015
59	1020
60	1023
70	1027
69	1030
68	1036

61	970
62	972
40	974
50	977
51	980
49	984
48	986
47	988
46	990
5	993
34	996
33	998
20	1000
6	1002
26	1004
27	1008
57	1011
56	1014
55	1016
52	1021
53	1023
58	1025
59	1030
60	1033
70	1037
69	1040
68	1046
67	1049
66	1054
65	1058
64	1061
63	1067

61	980
62	982
40	984
50	987
51	990
49	994
48	996
47	998
46	1000
5	1003
34	1006
33	1008
20	1010
6	1012
26	1014
27	1018
57	1021
56	1024
55	1026
52	1031
53	1033
58	1035
59	1040
60	1043
70	1047
69	1050
68	1056

61	990
62	992
40	994
50	997
51	1000
49	1004
48	1006
47	1008
46	1010
5	1013
34	1016
33	1018
20	1020
6	1022
26	1437
27	1028
57	1031
56	1034
55	1036
52	1041
53	1043
58	1045
59	1050
60	1053
70	1057
69	1060
68	1066
67	1069
66	1074
65	1076
64	1081
63	1088

61	1010
62	1012
40	1014
50	1017
51	1020
49	1024
48	1026
47	1028
46	1030
5	1033
34	1036
33	1038
20	1040
6	1042
26	1044
27	1048
57	1051
56	1054
55	1056
52	1061
53	1063
58	1065
59	1070
60	1073
70	1077
69	1080
68	1086
67	1089
66	1094
65	1098
64	1101
63	1107

61	1020
62	1022
40	1024
50	1027
51	1030
49	1034
48	1036
47	1038
46	1040
5	1043
34	1046
33	1048
20	1050
6	1052
26	1054
27	1058
57	1061
56	1064
55	1066
52	1071
53	1073
58	1075
59	1080
60	1083
70	1087
69	1090
68	1096

61	1030
62	1032
40	1034
50	1037
51	1040
49	1044
48	1046
47	1048
46	1050
5	1053
34	1056
33	1058
20	1060
6	1062
26	1064
27	1068
57	1071
56	1074
55	1076
52	1081
53	1083
58	1085
59	1090
60	1093
70	1097
69	1100
68	1106
67	1109
66	1114
65	1118
64	1121
63	1127

61	1040
62	1042
40	1044
50	1047
51	1050
49	1054
48	1056
47	1058
46	1060
5	1063
34	1066
33	1068
20	1070
6	1072
26	1074
27	1078
57	1081
56	1084
55	1086
52	1091
53	1093
58	1095
59	1100
60	1103

61	1050
62	1052
40	1054
50	1057
51	1060
49	1064
48	1066
47	1068
46	1070
5	1073
34	1076
33	1078
20	1080
6	1082
26	1084
27	1088
57	1091
56	1094
55	1096
52	1101
53	1103
58	1105
59	1110
60	1113
70	1117
69	1120
68	1126
67	1129
66	1134
65	1138
64	1141
63	1148

61	1060
62	1062
40	1064
50	1067
51	1070
49	1074
48	1076
47	1078
46	1080
5	1083
34	1086
33	1088
20	1090
6	1092
26	1094
27	1098
57	1101
56	1104
55	1106
52	1111
53	1113
58	1115
59	1120
60	1123

61	1070
62	1072
40	1074
50	1077
51	1080
49	1084
48	1086
47	1088
46	1090
5	1093
34	1096
33	1098
20	1100
6	1102
26	1104
27	1108
57	1111
56	1114
55	1116
52	1121
53	1123
58	1125
59	1130
60	1133
70	1137
69	1140
68	1146
67	1149
66	1154
65	1158
64	1161
63	1167

