61	1080
62	1082
40	1084
50	1087
51	1090
49	1094
48	1096
47	1098
46	1100
5	1103
34	1106
33	1108
20	1110
6	1112
26	1114
27	1118
57	1121
56	1124
55	1126
52	1131
53	1133
58	1135
59	1140
60	1143

61	1090
62	1092
40	1094
50	1097
51	1100
49	1104
48	1106
47	1108
46	1110
5	1113
34	1116
33	1118
20	1120
6	1122
26	1124
27	1128
57	1131
56	1134
55	1136
52	1141
53	1143
58	1145
59	1150
60	1153
70	1157
69	1160
68	1166
67	1169
66	1174
65	1178
64	1181
63	1187

61	1100
62	1102
40	1104
50	1107
51	1110
49	1114
48	1116
47	1118
46	1120
5	1123
34	1126
33	1128
20	1130
6	1132
26	1134
27	1138
57	1141
56	1144
55	1146
52	1151
53	1153
58	1155
59	1160
60	1163

61	1110
62	1112
40	1114
50	1117
51	1120
49	1124
48	1126
47	1128
46	1130
5	1133
34	1136
33	1138
20	1140
6	1142
26	1144
27	1148
57	1151
56	1154
55	1156
52	1161
53	1163
58	1165
59	1170
60	1173
70	1177
69	1180
68	1186

61	1120
62	1122
40	1124
50	1127
51	1130
49	1134
48	1136
47	1138
46	1140
5	1143
34	1146
33	1148
20	1150
6	1152
26	1154
27	1158
57	1161
56	1164
55	1166
52	1171
53	1173
58	1175
59	1180
60	1183

61	1130
62	1132
40	1134
50	1137
51	1140
49	1144
48	1146
47	1148
46	1150
5	1153
34	1156
33	1158
20	1160
6	1162
26	1164
27	1168
57	1171
56	1174
55	1176
52	1181
53	1183
58	1185
59	1190
60	1193
70	1197
69	1200
68	1206
67	1209
66	1214
65	1218
64	1221
63	1227

61	1140
62	1142
40	1144
50	1147
51	1150

61	1150
62	1152
40	1154
50	1157
51	1160

61	1160
62	1162
40	1164
50	1167
51	1170

61	1170
62	1172
40	1174
50	1177
51	1180

61	1180
62	1182
40	1184
50	1187
51	1190

51	1152
49	1154
48	1156
47	1158
46	1160
5	1163

51	1162
49	1164
48	1166
47	1168
46	1170
5	1173

51	1172
49	1174
48	1176
47	1178
46	1180
5	1183

51	1182
49	1184
48	1186
47	1188
46	1190
5	1193

51	1192
49	1194
48	1196
47	1198
46	1200
5	1203

5	1164
34	1166
33	1168
20	1170
6	1172
26	1174

5	1174
34	1176
33	1178
20	1180
6	1182
26	1184

5	1184
34	1186
33	1188
20	1190
6	1192
26	1194

5	1194
34	1196
33	1198
20	1200
6	1202
26	1204

27	1178
57	1181
56	1184
55	1186
52	1191
53	1193
58	1195
59	1200
60	1203

27	1188
57	1191
56	1194
55	1196
52	1201
53	1203
58	1205
59	1210
60	1213

27	1198
57	1201
56	1204
55	1206
52	1211
53	1213
58	1215
59	1220
60	1223

61	1190
62	1192
40	1194
50	1197
51	1200
49	1204
48	1206
47	1208
46	1210
5	1213
34	1216
33	1218
20	1220
6	1222
26	1224
27	1228
57	1231
56	1234
55	1236
52	1241
53	1243
58	1245
59	1250
60	1253
70	1257
69	1260
68	1266
67	1269
66	1274
65	1278
64	1281
63	1287

