61	250
62	252
40	254
50	257
51	260
49	264
48	266
47	268
46	270
5	273
34	276
33	278
20	280
6	282
26	284
27	288
57	291
56	294
55	296
52	301
53	303
58	305
59	310
60	313
70	317
69	320
68	326
67	329
66	334
65	338
64	341
63	347

61	270
62	272
40	274
50	277
51	280
49	284
48	286
47	288
46	290
5	293
34	296
33	298
20	300
6	302
26	304
27	308
57	311
56	314
55	316
52	321
53	323
58	325
59	330
60	333
70	337
69	340
68	346

61	290
62	292
40	294
50	297
51	300
49	304
48	306
47	308
46	310
5	313
34	316
33	318
20	320
6	322
26	324
27	328
57	331
56	334
55	336
52	341
53	343
58	345
59	350
60	353
70	357
69	360
68	366
67	369
66	374
65	378
64	381
63	387

61	310
62	312
40	314
50	317
51	320
49	324
48	326
47	328
46	330
5	333
34	336
33	338
20	340
6	342
26	344
27	348
57	351
56	354
55	356
52	361
53	363
58	365
59	370
60	373
70	377
69	380
68	386
67	389
66	394
65	398
64	401
63	410

61	320
62	322
40	324
50	327
51	330
49	334
48	336
47	338
46	340
5	343
34	346
33	348
20	350
6	352
26	354
27	358
57	361
56	364
55	366
52	371
53	373
58	375
59	380
60	383
70	387
69	390
68	396

61	330
62	332
40	334
50	337
51	340
49	344
48	346
47	348
46	350
5	353
34	356
33	358
20	360
6	362
26	364
27	368
57	371
56	374
55	376
52	381
53	383
58	385
59	390
60	393
70	397
69	400
68	406
67	409
66	414
65	418
64	421
63	428

61	340
62	342
40	344
50	347
51	350
49	354
48	356
47	358
46	360
5	363
34	366
33	368
20	370
6	372
26	374
27	378
57	381
56	384
55	386
52	391
53	393
58	395
59	400
60	403
70	407
69	410
68	416

61	350
62	352
40	354
50	357
51	360
49	364
48	366
47	368
46	370
5	373
34	376
33	378
20	380
6	382
26	384
27	388
57	391
56	394
55	396
52	401
53	403
58	405
59	410
60	413
70	417
69	420
68	426
67	429
66	434
65	438
64	441
63	447

