51	241
71	243
48	245
47	247
46	249
5	252

5	254
34	256
33	258
20	260
6	262
26	264

27	248
57	251
56	254
55	256
52	261
53	263
58	265
59	270
60	273

27	268
57	271
56	274
55	276
52	281
53	283
58	285
59	290
60	293

51	261
71	263
48	265
47	267
46	269
5	272
34	276
33	278
20	280
6	282
26	284
27	288
57	291
56	294
55	296
52	301
53	303
58	305
59	310
60	313

61	270
62	272
40	274
50	277
51	280
71	284
48	286
47	288
46	290
5	293
34	296
33	298
20	300
6	302
26	304
27	308
57	311
56	314
55	316
52	321
53	323
58	325
59	330
60	333

61	290
62	292
40	294
50	297
51	300
71	304
48	306
47	308
46	310
5	313
34	316
33	318
20	320
6	322
26	324
27	328
57	331
56	334
55	336
52	341
53	343
58	345
59	350
60	353
70	357
69	360
68	366
67	369
66	374
65	378
64	381
63	387

61	310
62	312
40	314
50	317
51	320

61	330
62	332
40	334
50	337
51	340

51	322
71	324
48	326
47	328
46	330
5	333

51	342
71	344
48	346
47	348
46	350
5	353

5	334
34	336
33	338
20	340
6	342
26	344

5	354
34	356
33	358
20	360
6	362
26	364

27	348
57	351
56	354
55	356
52	361
53	363
58	365
59	370
60	373

61	350
62	352
40	354
50	357
51	360
71	364
48	366
47	368
46	370
5	373
34	376
33	378
20	380
6	382
26	384
27	388
57	391
56	394
55	396
52	401
53	403
58	405
59	410
60	413
70	417
69	420
68	426
67	429
66	434
65	438
64	441
63	447

