63	875
64	880
65	883
66	887
67	891

68	855
69	861
70	863
60	867

68	875
69	881
70	883
60	887

68	895
69	901
70	903
60	907

68	915
69	921
70	923
60	927

68	935
69	941
70	943
60	947

60	859
59	861
58	866
53	868
52	871
55	875
56	878
57	882
27	884

60	869
59	871
58	876
53	878
52	881
55	885
56	888
57	892
27	894

60	879
59	881
58	886
53	888
52	891
55	895
56	898
57	902
27	904

60	889
59	891
58	896
53	898
52	901
55	905
56	908
57	912
27	914

60	899
59	901
58	906
53	908
52	911
55	915
56	918
57	922
27	924

60	909
59	911
58	916
53	918
52	921
55	925
56	928
57	932
27	934

60	919
59	921
58	926
53	928
52	931
55	935
56	938
57	942
27	944

60	929
59	931
58	936
53	938
52	941
55	945
56	948
57	952
27	954

60	939
59	941
58	946
53	948
52	951
55	955
56	958
57	962
27	964

60	949
59	951
58	956
53	958
52	961
55	965
56	968
57	972
27	974

60	959
59	961
58	966
53	968
52	971
55	975
56	978
57	982
27	984

26	888
6	890
20	892
33	894
34	896
5	898

26	898
6	900
20	902
33	904
34	906
5	908

26	908
6	910
20	912
33	914
34	916
5	918

26	918
6	920
20	922
33	924
34	926
5	928

26	928
6	930
20	932
33	934
34	936
5	938

26	938
6	940
20	942
33	944
34	946
5	948

26	948
6	950
20	952
33	954
34	956
5	958

26	958
6	960
20	962
33	964
34	966
5	968

5	899
46	903
47	904
48	906
49	908
51	910

5	909
46	913
47	914
48	916
49	918
51	920

5	919
46	923
47	924
48	926
49	928
51	930

5	929
46	933
47	934
48	936
49	938
51	940

5	939
46	943
47	944
48	946
49	948
51	950

5	949
46	953
47	954
48	956
49	958
51	960

5	959
46	963
47	964
48	966
49	968
51	970

51	911
50	914
40	916
62	919
61	923

51	921
50	924
40	926
62	929
61	933

51	931
50	934
40	936
62	939
61	943

51	941
50	944
40	946
62	949
61	953

51	951
50	954
40	956
62	959
61	963

63	935
64	940
65	943
66	947
67	951
68	955
69	961
70	963
60	967
59	971
58	976
53	978
52	981
55	985
56	988
57	992
27	994
26	997
6	1000
20	1002
33	1004
34	1006
5	1008
46	1013
47	1014
48	1016
49	1018
51	1020
50	1024
40	1026
62	1029
61	1033

