97	249
98	251
99	256
100	258
101	261
102	265
103	268
104	272
11	274

11	275
42	277

42	278
43	280
44	282
46	284
47	286
21	288

21	289
15	293
16	294
17	296
18	298
20	300

20	301
19	304
45	306
105	309
106	313

97	269
98	271
99	276
100	278
101	281
102	285
103	288
104	292
11	294

11	295
42	297

42	298
43	300
44	302
46	304
47	306
21	308

21	309
15	313
16	314
17	316
18	318
20	320

20	321
19	324
45	326
105	329
106	333

20	331
19	334
45	336
105	339
106	343

107	255
108	260
109	263
110	267
111	271
112	275
113	281
114	283
97	287

97	289
98	291
99	296
100	298
101	301
102	305
103	308
104	312
11	314

11	315
42	317

42	318
43	320
44	322
46	324
47	326
21	328

21	329
15	333
16	334
17	336
18	338
20	340

20	341
19	344
45	346
105	349
106	353

11	325
42	327

42	328
43	330
44	332
46	334
47	336
21	338

21	339
15	343
16	344
17	346
18	348
20	350

20	351
19	354
45	356
105	359
106	363

107	275
108	280
109	283
110	287
111	291
112	295
113	301
114	303
97	307

97	309
98	311
99	316
100	318
101	321
102	325
103	328
104	332
11	334

11	335
42	337

42	338
43	340
44	342
46	344
47	346
21	348

21	349
15	353
16	354
17	356
18	358
20	360

107	295
108	300
109	303
110	307
111	311
112	315
113	321
114	323
97	327

107	315
108	320
109	323
110	327
111	331
112	335
113	341
114	343
97	347

97	319
98	321
99	326
100	328
101	331
102	335
103	338
104	342
11	344

97	329
98	331
99	336
100	338
101	341
102	345
103	348
104	352
11	354

97	339
98	341
99	346
100	348
101	351
102	355
103	358
104	362
11	364

97	349
98	351
99	356
100	358
101	361
102	365
103	368
104	372
11	374

97	359
98	361
99	366
100	368
101	371
102	375
103	378
104	382
11	384

11	345
42	347
42	348

11	355
42	357
42	358

43	350
44	352
46	354
47	356
21	358

21	359
15	363
16	364
17	366
18	368
20	370

107	335
108	340
109	343
110	347
111	351
112	355
113	361
114	363
97	367

107	355
108	360
109	363
110	367
111	371
112	375
113	381
114	383
97	387
97	389

