68	1085
69	1091
70	1093
60	1097

68	1095
69	1101
70	1103
60	1107

68	1105
69	1111
70	1113
60	1117

60	1089
59	1091
58	1096
53	1098
52	1101
55	1105
56	1108
57	1112
27	1114

60	1099
59	1101
58	1106
53	1108
52	1111
55	1115
56	1118
57	1122
27	1124

60	1109
59	1111
58	1116
53	1118
52	1121
55	1125
56	1128
57	1132
27	1134

60	1119
59	1121
58	1126
53	1128
52	1131
55	1135
56	1138
57	1142
27	1144

26	1088
6	1090
20	1092
33	1094
34	1096
5	1098

26	1098
6	1100
20	1102
33	1104
34	1106
5	1108

26	1108
6	1110
20	1112
33	1114
34	1116
5	1118

26	1118
6	1120
20	1122
33	1124
34	1126
5	1128

26	1128
6	1130
20	1132
33	1134
34	1136
5	1138

26	1138
6	1140
20	1142
33	1144
34	1146
5	1148

26	1148
6	1150
20	1152
33	1154
34	1156
5	1158

5	1089
46	1093
47	1094
48	1096
49	1098
51	1100

5	1099
46	1103
47	1104
48	1106
49	1108
51	1110

5	1109
46	1113
47	1114
48	1116
49	1118
51	1120

5	1119
46	1123
47	1124
48	1126
49	1128
51	1130

5	1129
46	1133
47	1134
48	1136
49	1138
51	1140

5	1139
46	1143
47	1144
48	1146
49	1148
51	1150

5	1149
46	1153
47	1154
48	1156
49	1158
51	1160

5	1159
46	1163
47	1164
48	1166
49	1168
51	1170

51	1081
50	1084
40	1086
62	1089
61	1093

51	1091
50	1094
40	1096
62	1099
61	1103

51	1101
50	1104
40	1106
62	1109
61	1113

51	1111
50	1114
40	1116
62	1119
61	1123

51	1121
50	1124
40	1126
62	1129
61	1133

51	1131
50	1134
40	1136
62	1139
61	1143

51	1141
50	1144
40	1146
62	1149
61	1153

51	1151
50	1154
40	1156
62	1159
61	1163

51	1161
50	1164
40	1166
62	1169
61	1173

51	1171
50	1174
40	1176
62	1179
61	1183

63	1095
64	1100
65	1103
66	1107
67	1111
68	1115
69	1121
70	1123
60	1127
59	1131
58	1136
53	1138
52	1141
55	1145
56	1148
57	1152
27	1154
26	1157
6	1160
20	1162
33	1164
34	1166
5	1168
46	1173
47	1174
48	1176
49	1178
51	1180
50	1184
40	1186
62	1189
61	1193

60	1139
59	1141
58	1146
53	1148
52	1151
55	1155
56	1158
57	1162
27	1164
26	1167
6	1170
20	1172
33	1174
34	1176
5	1178
46	1183
47	1184
48	1186
49	1188
51	1190
50	1194
40	1196
62	1199
61	1203

63	1115
64	1120
65	1123
66	1127
67	1131
68	1135
69	1141
70	1143
60	1147
59	1151
58	1156
53	1158
52	1161
55	1165
56	1168
57	1172
27	1174
26	1177
6	1180
20	1182
33	1184
34	1186
5	1188
46	1193
47	1194
48	1196
49	1198
51	1200
50	1204
40	1206
62	1209
61	1213

60	1159
59	1161
58	1166
53	1168
52	1171
55	1175
56	1178
57	1182
27	1184
26	1187
6	1190
20	1192
33	1194
34	1196
5	1198
46	1203
47	1204
48	1206
49	1208
51	1210

63	1135
64	1140
65	1143
66	1147
67	1151
68	1155
69	1161
70	1163
60	1167
59	1171
58	1176
53	1178
52	1181
55	1185
56	1188
57	1192
27	1194
26	1197
6	1200
20	1202
33	1204
34	1206
5	1208
46	1213
47	1214
48	1216
49	1218
51	1220
50	1224
40	1226
62	1229
61	1233

60	1179
59	1181
58	1186
53	1188
52	1191
55	1195
56	1198
57	1202
27	1204
26	1207
6	1210
20	1212
33	1214
34	1216
5	1218
46	1223
47	1224
48	1226
49	1228
51	1230

68	1175
69	1181
70	1183
60	1187
59	1191
58	1196
53	1198
52	1201
55	1205
56	1208
57	1212
27	1214
26	1217
6	1220
20	1222
33	1224
34	1226
5	1228
46	1233
47	1234
48	1236
49	1238
51	1240
50	1244
40	1246
62	1249
61	1253

60	1199
59	1201
58	1206
53	1208
52	1211
55	1215
56	1218
57	1222
27	1224
26	1227
6	1230
20	1232
33	1234
34	1236
5	1238
46	1243
47	1244
48	1246
49	1248
51	1250

63	1175
64	1180
65	1183
66	1187
67	1191
68	1195
69	1201
70	1203
60	1207
59	1211
58	1216
53	1218
52	1221
55	1225
56	1228
57	1232
27	1234
26	1237
6	1240
20	1242
33	1244
34	1246
5	1248
46	1253
47	1254
48	1256
49	1258
51	1260
50	1264
40	1266
62	1269
61	1273

