11	1204

11	1214

11	1204

11	1214

11	1204

11	1214

11	1204

11	1214

5	1201
7	1204
8	1207
9	1209
27	1211
57	1215
56	1218
55	1220
52	1225
53	1227
58	1229
59	1234
60	1237

5	1211
7	1214
8	1217
9	1219
27	1221
11	1224

5	1221
7	1224
8	1227
9	1229
27	1231

5	1231
7	1234
8	1237
9	1239
27	1241

5	1241
7	1244
8	1247
9	1249
27	1251

5	1251
7	1254
8	1257
9	1259
27	1261

5	1261
7	1264
8	1267
9	1269
27	1271

5	1271
7	1274
8	1277
9	1279
27	1281

5	1281
7	1284
8	1287
9	1289
27	1291

5	1291
7	1294
8	1297
9	1299
27	1301

5	1301
7	1304
8	1307
9	1309
27	1311

5	1311
7	1314
8	1317
9	1319
27	1321

