11	724

11	734

11	744

11	754

11	764

11	774

11	784

11	794

11	804

11	814

11	824

11	834

5	721
7	724
8	727
9	729
27	731

5	731
7	734
8	737
9	739
27	741

5	741
7	744
8	747
9	749
27	751

5	751
7	754
8	757
9	759
27	761

5	761
7	764
8	767
9	769
27	771

5	771
7	774
8	777
9	779
27	781

5	781
7	784
8	787
9	789
27	791

5	791
7	794
8	797
9	799
27	801

5	801
7	804
8	807
9	809
27	811

5	811
7	814
8	817
9	819
27	821

5	821
7	824
8	827
9	829
27	831

5	831
7	834
8	837
9	839
27	841

27	722
11	564
57	725
56	728
55	730
52	735
53	737

27	732
11	574
57	735
56	738
55	740
52	745
53	747

27	742
11	584
57	745
56	748
55	750
52	755
53	757

27	752
11	594
57	755
56	758
55	760
52	765
53	767

27	762
11	604
57	765
56	768
55	770
52	775
53	777

27	772
11	614
57	775
56	778
55	780
52	785
53	787

27	782
11	624
57	785
56	788
55	790
52	795
53	797

27	792
11	634
57	795
56	798
55	800
52	805
53	807

27	802
11	644
57	805
56	808
55	810
52	815
53	817

27	812
11	654
57	815
56	818
55	820
52	825
53	827

27	822
11	664
57	825
56	828
55	830
52	835
53	837

27	832
11	674
57	835
56	838
55	840
52	845
53	847

11	764

11	774

11	784

11	794

11	804

11	814

11	824

11	834

11	724

11	734

11	744

11	754

11	764

11	774

11	784

11	794

11	804

11	814

11	824

11	834

11	724

11	734

11	744

11	754

11	764

11	774

11	784

11	794

11	804

11	814

11	824

11	834

