11	604

11	614

11	624

11	634

11	644

11	654

11	664

11	674

11	684

11	694

11	704

11	714

5	601
7	604
8	607
9	609
27	611

5	611
7	614
8	617
9	619
27	621

5	621
7	624
8	627
9	629
27	631

5	631
7	634
8	637
9	639
27	641

5	641
7	644
8	647
9	649
27	651

5	651
7	654
8	657
9	659
27	661

5	661
7	664
8	667
9	669
27	671

5	671
7	674
8	677
9	679
27	681

5	681
7	684
8	687
9	689
27	691

5	691
7	694
8	697
9	699
27	701

5	701
7	704
8	707
9	709
27	711

5	711
7	714
8	717
9	719
27	721

27	602
11	444
57	605
56	608
55	610
52	615
53	617

27	612
11	454
57	615
56	618
55	620
52	625
53	627

27	622
11	464
57	625
56	628
55	630
52	635
53	637

27	632
11	474
57	635
56	638
55	640
52	645
53	647

27	642
11	484
57	645
56	648
55	650
52	655
53	657

27	652
11	494
57	655
56	658
55	660
52	665
53	667

27	662
11	504
57	665
56	668
55	670
52	675
53	677

27	672
11	514
57	675
56	678
55	680
52	685
53	687

27	682
11	524
57	685
56	688
55	690
52	695
53	697

27	692
11	534
57	695
56	698
55	700
52	705
53	707

27	702
11	544
57	705
56	708
55	710
52	715
53	717

27	712
11	554
57	715
56	718
55	720
52	725
53	727

11	604

11	614

11	624

11	634

11	644

11	654

11	664

11	674

11	684

11	694

11	704

11	714

11	604

11	614

11	624

11	634

11	644

11	654

11	664

11	674

11	684

11	694

11	704

11	714

