111	260
112	266
14	269
117	273
116	275
115	276
101	277

101	277
12	279
13	281
14	284
112	286
82	291
111	280
112	286
14	289
117	293
116	295
115	296
101	297

101	297
12	299
13	301
14	304
112	306
82	311
111	300
112	306
14	309
117	313
116	315
115	316
101	317

101	317
12	319
13	321
14	324
112	326
82	331
111	310
112	316
14	319
117	323
116	325
115	326
101	327

101	327
12	329
13	331
14	334
112	336
82	341
46	306
95	310
86	315
118	319
84	324
83	326
111	330
112	336
14	339
117	343
116	345
115	346
101	347

101	347
12	349
13	351
14	354
112	356
82	361
46	326
95	330
86	335
118	339
84	344
83	346
111	350
112	356
14	359
117	363
116	365
115	366
101	367

