1	8,249,7,249,7,248,6,248,6,247,7,247,7,246,7,245,8,245,8,243,9,243,9,244,9,245,8,246,9,246,8,247,9,247,8,248,9,248
1	34,254,33,253,34,252,35,251,36,250,36,249,36,248,35,247,34,247,34,245,34,244,34,243,36,243,36,242,36,241,33,241,32,240,31,240,30,239,29,238,28,236,24,236,23,235,21,235,21,234,20,233,20,232,19,231,18,230,17,231,16,232,15,232,15,234,10,234,10,236,8,235,6,235,5,236,4,237,3,237,3,240,2,241,4,241,4,242,5,242,4,243,5,243,5,244,4,246,5,247,6,248,6,249,5,250,5,251,4,251,3,250,2,250,2,249,2,248,1,248,1,247,0,247,0,255,34,255
2535	20,241,21,241,20,240,20,239,18,239,18,240,17,241,18,242,19,242
2536	23,240,23,241,24,241
2536	26,240,27,240,27,239,27,238,26,238,25,239,25,240,24,240,24,241,26,241
2537	62,209,62,208,59,208,59,209,60,209,60,210,62,210
2538	48,198,48,196,47,196,47,197,46,198,46,199,46,200,47,200
2539	36,204,34,205,36,207,37,207
2540	54,216,54,215,53,215,52,217,53,217
2541	26,246,26,245,26,244,25,244,25,245,25,246,25,247
2542	35,237,34,237,34,238
2542	34,236,33,236,33,237,34,237
2542	34,235,33,235,33,236
2543	28,242,28,241,27,241,27,242,26,243,27,243
2544	39,192,39,191,38,191,38,192,38,193,39,193
2545	43,206,43,205,41,206,42,206,42,207
2546	26,243,25,243,26,244
2547	10,208,11,208,10,207,10,208,9,208,10,209
2548	15,242,14,242,15,243
2550	14,251,13,251,13,252,14,252
2551	49,222,48,222,48,223,49,223
2552	8,221,7,222,8,222
2553	56,222,55,222,55,223,56,223
2554	48,195,48,196,49,196
2555	20,199,19,199,19,200
2557	37,211,37,212,38,212
2559	34,245,33,245,34,246
2562	31,238,30,238,30,239,31,239
2565	20,240,18,241,20,241
2568	37,232,36,232,36,233,37,233
2570	7,210,6,211,7,211
2578	27,235,26,235,26,236
2581	63,208,62,209,63,209
2662	72,218,73,218,74,217,73,216,73,215,73,214,72,215,71,214,71,215,70,214,70,215,70,216,69,217,70,218,71,219,72,219
2663	73,253,72,254,73,254
2663	72,253,69,253,69,254,72,254
2664	79,200,79,199,78,199,78,200,77,200,77,201,78,201
2665	102,192,103,192,103,191,102,191,102,192,101,192,101,193,102,193
2666	87,199,86,199,86,200,87,200
2667	67,216,65,217,67,217
2668	65,215,64,215,64,216,65,216
2669	70,197,68,197,68,198,70,198
2671	84,193,83,193,83,194,84,194
2672	73,226,72,226,73,227
2674	80,203,79,203,79,204
2675	66,219,65,219,65,220,66,220
2677	75,213,74,213,74,214,75,214
2681	105,199,104,199,104,200,105,200
2683	95,194,94,194,95,195
2686	85,212,85,213,86,213
2691	105,197,105,198,106,198
2692	104,192,103,193,104,193
2702	65,205,65,206,66,206
2711	207,214,207,213,205,213,205,214,204,214,206,215,207,215
2713	222,222,220,222,220,223,222,223
2714	215,228,213,228,213,229,215,229
2715	206,215,205,215,205,216,206,216
2717	224,228,223,228,224,229
2718	210,207,209,207,210,208
2720	248,200,247,200,247,201,248,201
2723	248,193,247,193,247,194,248,194
2724	218,227,217,227,218,228
2728	249,209,248,209,248,210,249,210
3621	61,190,62,190,61,189,62,187,62,186,61,185,61,186,59,186,58,187,57,188,56,188,56,189,56,191,58,190,58,191,60,191
3622	33,182,32,182,32,183,33,183
3622	29,182,28,182,28,183,29,183
3622	32,180,31,180,31,181,32,181
3622	30,180,29,180,29,181
3623	36,187,35,187,35,188,36,188
3624	37,184,36,184,36,185,37,185
3626	38,186,37,186,38,187
3629	56,178,56,179,57,179
3657	69,180,74,180,73,179,71,179,69,180,67,180,67,181,68,181
3658	127,153,125,153,125,154,127,154
3659	111,160,109,160,109,161,111,161
3660	121,179,119,179,120,180,121,180
3661	102,182,101,182,101,183,102,183
3662	119,181,119,180,118,180,118,181,118,182,119,182
3663	128,176,127,176,127,177,128,177
3665	77,163,76,163,75,164,76,164
3666	99,183,98,183,98,184,99,184
3667	75,176,74,176,74,177,75,177
3668	124,182,123,182,123,183,124,183
3669	77,169,76,169,76,170,77,170
3671	114,182,113,183,114,183
3672	117,181,116,181,116,182,117,182
3675	129,154,128,154,128,155,129,155
3676	114,184,113,184,113,185
3677	99,155,98,156,99,156
3678	87,187,87,188,88,188
3679	107,158,106,158,106,159,107,159
3680	112,160,111,160,111,161,112,161
3682	120,178,119,178,119,179,120,179
3686	124,174,123,174,123,175
3688	99,187,98,187,98,188
3695	107,161,106,161,106,162,107,162
3697	114,155,113,155,113,156,114,156
3698	116,190,115,191,116,191
3700	124,171,123,172,124,172
3729	147,170,148,169,148,168,147,168,147,169,144,169,145,170,146,170,146,171
3730	141,180,139,180,139,179,138,179,138,180,137,179,137,180,138,180,138,181,140,181
3731	153,159,154,159,154,158,152,158,152,159,153,159,152,160,153,160
3732	139,181,138,181,138,182,139,182
3733	142,181,141,181,141,182,142,182
3735	147,166,146,166,146,167,147,167
3739	146,184,145,184,145,185,146,185
3741	138,180,137,180,137,181,138,181
3743	158,163,157,163,157,164,158,164
3772	170,165,170,164,170,163,167,163,167,164,168,165,167,165,166,166,170,166
3773	166,164,165,163,164,163,164,164,166,165
3774	170,162,169,162,169,163,170,163
3775	170,172,170,171,169,171,169,172,169,173
3776	163,170,161,170,161,171,163,171
3777	190,179,189,179,189,180
3778	184,168,183,168,183,169,184,169
3781	183,178,182,178,182,179,183,179
3783	174,178,173,178,174,179
3784	192,170,191,171,192,171
3785	191,167,190,167,191,168
3786	174,169,173,169,173,170,174,170
3787	168,163,167,163,167,164
3789	161,177,160,177,160,178,161,178
3790	160,170,160,171,161,171
3794	167,159,166,159,166,160,167,160
3795	181,172,180,172,180,173
3799	186,164,185,164,185,165,186,165
3944	177,158,183,157,184,156,185,155,186,155,187,154,189,156,190,155,191,156,193,155,193,154,193,153,195,153,195,152,196,152,196,151,195,150,195,146,196,146,198,147,199,146,200,146,200,145,201,145,201,144,204,144,206,143,205,142,206,140,208,138,207,137,207,134,197,134,197,133,196,134,189,134,189,135,188,134,187,135,185,135,185,136,183,136,183,137,179,137,179,138,177,138,177,139,176,140,175,140,175,141,174,141,174,142,170,142,170,143,169,143,169,144,168,144,168,145,167,145,166,146,163,146,164,147,170,146,171,148,171,149,170,149,170,150,170,152,171,154,172,155,173,155,174,153,175,153,175,158,175,159
3945	209,148,210,148,210,147,212,146,213,146,214,147,215,147,215,146,216,145,216,143,215,142,215,141,215,139,216,136,217,135,217,134,216,133,215,133,215,134,214,133,209,133,208,134,204,134,202,135,197,133,196,134,190,134,189,135,188,134,187,135,186,135,184,136,183,136,184,137,185,136,188,136,190,137,190,138,191,137,195,137,197,136,201,136,201,137,199,139,198,139,198,140,198,142,201,142,204,143,205,145,206,148,208,148,208,149
3946	197,144,197,142,196,141,195,139,195,138,194,136,194,135,192,135,191,136,190,137,189,137,188,136,188,137,188,138,187,138,186,137,186,138,185,138,185,139,185,140,186,141,188,142,189,142,190,143,191,144,192,145,193,145,194,146,195,146,197,147
3947	193,153,195,153,195,152,196,151,196,150,195,150,195,149,195,148,195,147,195,146,194,146,193,145,192,145,191,144,190,145,189,146,187,146,188,147,187,148,188,148,188,149,188,150,189,151,190,152,191,153,192,154,193,154
3948	233,150,233,149,236,149,237,150,238,149,239,150,239,149,238,148,237,147,232,147,231,150,230,151,232,151
3949	255,148,255,147,255,146,253,146,252,147,254,147,254,148,253,148,254,149
3950	192,135,193,135,194,134,190,134,190,135,190,136
3951	193,147,192,147,192,146,190,146,190,147,191,147,191,148,193,148
3952	203,135,204,135,204,134,201,134,201,135,202,135,201,136,203,136
3953	198,135,199,135,199,134,198,134,198,135,197,135,197,136,198,136
3954	214,167,213,167,212,166,212,167,212,168,214,168
3955	203,155,203,154,202,154,202,155,201,155,201,154,200,154,201,155,201,156,203,156
3956	203,134,197,133,197,134,201,134,202,135,203,135
3957	196,134,195,134,195,135
3958	198,134,196,134,196,135,198,135
3959	224,172,223,172,223,173,224,173
3960	229,160,228,160,228,161,229,161
3961	193,135,192,135,192,136,193,136
3962	215,147,214,147,214,148,215,148
3963	203,172,201,172,201,173,203,173
3964	220,135,219,135,219,136,220,136
3965	223,136,222,136,223,137
3966	232,153,231,153,231,154,232,154
3967	193,145,192,145,192,146,193,146
3968	205,139,204,139,204,140,205,140
3969	203,151,202,151,202,152,203,152
3971	252,147,252,148,253,148
3973	226,175,225,175,226,176
3974	194,140,193,140,193,141,194,141
3975	193,139,191,139,192,140,193,140
3976	254,162,253,162,253,163,254,163
3977	221,138,220,138,220,139,221,139
3979	192,154,191,154,192,155
3979	191,154,190,154,191,155
3988	241,153,241,154,242,154
3989	194,140,193,141,194,141
3992	221,149,220,150,221,150
3996	220,137,219,137,219,138,220,138
3999	236,140,235,140,235,141,236,141
4001	250,170,249,170,250,171
4002	192,135,192,136,193,136
4007	232,169,231,169,231,170,232,170
4010	195,144,194,144,194,145,195,145
4013	204,174,203,174,203,175
4014	220,178,220,179,221,179
4046	217,136,216,136,216,137,217,137
4056	242,137,241,137,241,138
4077	193,154,192,154,193,155
4669	146,150,145,150,145,151
4669	147,152,147,151,148,151,148,150,147,150,147,149,146,149,146,150,146,151,145,151,145,152,145,153,147,153
4670	148,149,147,149,147,150,148,150
4673	132,153,131,153,131,154,132,154
4676	155,156,154,156,154,157,155,157
4677	146,155,145,155,145,156,146,156
4683	148,149,147,149,147,150
4702	177,158,186,158,186,157,187,156,189,156,189,155,189,154,189,153,189,152,189,151,182,151,181,150,182,150,182,149,182,148,182,147,182,146,181,146,181,144,179,144,178,145,179,145,179,146,176,146,177,147,177,148,177,149,174,149,173,150,173,151,173,152,172,153,171,153,172,154,173,154,173,156,174,157,174,158,175,159,176,159
4703	172,146,173,145,174,144,175,145,176,145,176,144,177,144,177,143,178,143,178,142,178,141,179,141,179,140,178,140,178,139,178,138,176,140,175,141,174,142,171,142,169,143,168,144,168,145,170,144,171,144,171,145,171,146,171,147,172,147
4704	172,152,173,150,173,148,174,148,174,147,176,147,176,146,176,145,176,144,174,144,172,146,172,147,171,149,170,149,170,150,170,151,170,152,171,153
4705	178,148,177,147,178,147,177,145,178,145,178,144,179,144,179,143,179,142,179,141,178,141,178,142,178,143,177,143,177,144,176,144,176,145,175,146,175,147,176,148,177,149
4706	163,148,163,147,162,147,161,148,162,148,162,149,163,149
4707	174,152,173,152,173,153,174,153
4708	175,143,173,143,173,144,175,144
4709	174,152,173,152,173,153,174,153
4710	166,153,165,153,165,154,166,154
4711	162,156,161,156,161,157,162,157
4712	171,149,170,150,171,150
4715	172,143,171,143,172,144
4717	175,145,174,145,175,146
4720	161,147,160,147,160,148,161,148
4728	166,157,165,157,165,158,166,158
4733	173,146,172,146,172,147,173,147
4734	172,151,171,151,172,152
4848	173,154,172,154,172,155,173,155
4877	186,150,187,150,187,149,187,148,186,147,186,146,189,146,189,145,188,145,188,144,187,144,186,143,181,143,181,146,182,146,182,147,182,148,182,149,182,150,181,150,182,151,184,151,185,150,185,151
4878	190,145,191,144,191,143,190,143,190,142,188,142,188,141,186,141,185,140,184,140,184,141,185,141,185,142,186,142,186,143,187,144,188,144,188,145,189,145,189,146
4879	185,143,185,142,184,142,184,141,184,140,182,140,181,141,181,142,181,143,184,143,184,144,185,144
4880	181,143,181,142,181,141,182,140,182,139,181,139,181,140,180,141,179,141,179,142,179,143,179,144,181,144
4881	185,150,184,150,184,151
4881	184,149,184,148,182,148,182,149,182,150,184,150
4882	187,153,186,153,186,152,186,151,184,151,184,152,185,152,185,153,185,154,187,154
4883	178,153,179,152,177,152,177,153,176,153,176,154,177,154
4883	180,151,179,151,179,152,180,152
4884	184,144,183,144,183,145,182,145,182,146,184,146
4885	181,154,179,154,180,155,181,155
4886	186,147,186,146,185,146,185,147,185,148
4887	185,154,184,154,184,155,185,155
4888	186,154,185,154,185,155,186,155
4889	181,158,180,158,180,159,181,159
4890	185,144,184,144,185,145
4891	186,157,185,157,185,158,186,158
4892	182,149,181,149,181,150,182,150
4893	191,147,190,147,191,148
4894	182,158,181,158,181,159,182,159
4896	185,145,185,146,186,146
4911	181,144,180,144,180,145
4922	184,148,184,149,184,150,185,150
4938	186,143,185,143,185,144,186,144
5106	179,141,179,140,178,140,178,139,178,138,175,141,176,142,178,142
5107	177,142,176,142,176,143,177,143
5108	174,142,173,142,173,143
5109	171,142,170,142,170,143
5119	176,140,175,140,176,141
5120	175,140,175,141,176,141
5127	175,141,174,141,174,142,175,142
5151	175,141,174,141,174,142,175,142
5201	184,138,183,136,181,137,179,139,182,141
5202	181,140,181,139,181,138,181,137,179,137,179,138,178,138,178,139,178,140,179,140,179,141,180,141
5203	184,139,184,138,184,137,183,137,183,138,182,139,182,140,184,140
5204	183,138,183,137,181,137,181,138,181,139,183,139
5205	180,137,179,137,179,138,180,138
5206	181,142,180,142,180,143,181,143
5207	180,139,179,139,180,140
5208	180,142,180,143,181,143
5209	177,142,176,143,177,143
5210	180,141,179,141,179,142,180,142
5216	180,140,179,140,179,141,180,141
5224	182,141,182,142,183,142
5234	181,138,180,138,180,139,181,139
5236	181,138,180,138,180,139,181,139
5336	180,137,179,137,179,138
5360	178,138,177,139,178,139
5396	183,137,183,138,184,138
5428	178,139,177,139,178,140
5504	186,140,186,139,187,139,188,138,187,137,186,137,186,138,185,138,185,139,185,140,186,141
5504	185,136,184,137,185,137
5505	187,138,187,137,186,137,186,138,186,139,187,139
5506	189,135,188,135,188,136,189,136
5507	188,137,188,136,187,136,187,137,188,138
5509	186,135,185,135,185,136,186,136
5510	189,142,189,143,190,143
5630	228,0,202,0,204,1,224,1
5631	245,0,244,0,239,2
5632	227,6,226,6,226,7,227,7
